197
Gen_600_7_F.Nem_0425_4_2_R_ASV_1                0.0000000 0.0027920 0.0237671 0.0412495 0.0620602 0.0486042 0.0207125 0.0512565 0.0207798 0.0207125 0.0208801 0.0151110 0.0257568 0.0146987 0.0208312 0.0146987 0.0146987 0.0236903 0.0207125 0.0176688 0.0176688 0.0177394 0.0207125 0.0178532 0.0269752 0.0100990 0.0207125 0.0208134 0.0146646 0.0239040 0.0207125 0.0237671 0.0000010 0.0304134 0.0177703 0.0477915 0.0086086 0.0309491 0.0409473 0.0438899 0.0406926 0.0207125 0.0241549 0.0177703 0.0405880 0.0405880 0.0268008 0.0210504 0.0273047 0.0446315 0.0442849 0.0237671 0.0207125 0.0207125 0.0207125 0.0239595 0.0207125 0.0207125 0.0207125 0.0210480 0.0207125 0.0207125 0.0207125 0.0180511 0.0207125 0.0207125 0.0207125 0.0207125 0.0000010 0.0000010 0.0176688 0.0550279 0.0376440 0.0480671 0.0343676 0.0376440 0.0797050 0.0931911 0.0376440 0.0446098 0.0450167 0.0343676 0.0340848 0.0177703 0.0177703 0.0176688 0.0177703 0.0207125 0.0176688 0.0405880 0.0176688 0.0237671 0.0000010 0.0176688 0.0027920 0.0027920 0.0000010 0.0000010 0.0027920 0.0056374 0.0237671 0.0000010 0.0056502 0.0207798 0.0000026 0.0000010 0.0176688 0.0207798 0.0207798 0.0269135 0.0027920 0.0000010 0.0057125 0.0028007 0.0176688 0.0000010 0.0000010 0.0176688 0.0000010 0.0000010 0.0000010 0.0176688 0.0028007 0.0000010 0.0207125 0.0000010 0.0000010 0.0000010 0.0208475 0.0000010 0.0000010 0.0000010 0.0000010 0.0000010 0.0000010 0.0000010 0.0176688 0.0207798 0.0251097 0.0176688 0.0237671 0.0000010 0.0238445 0.0237671 0.0000010 0.0000010 0.0000010 0.0000010 0.0000010 0.0027920 0.0027920 0.0000010 0.0027920 0.0027920 0.0000010 0.0027920 0.0000010 0.0000010 0.0000010 0.0237671 0.0029026 0.0000010 0.0027920 0.0179137 0.0000010 0.0000010 0.0000010 0.0028048 0.0000010 0.0000010 0.0000010 0.0273065 0.0207125 0.0000010 0.0000010 0.0000010 0.0237671 0.0207125 0.0207798 0.0237671 0.0041164 0.0085357 0.0027920 0.0000010 0.0027920 0.0000010 0.0000010 0.0000010 0.0000010 0.0000010 0.0176688 0.0027920 0.0000010 0.0000010 0.0000010 0.0027920 0.0000010 
Gen_600_7_F.Nem_0425_4_2_R_ASV_2                0.0027920 0.0000000 0.0206970 0.0446085 0.0662700 0.0520632 0.0176688 0.0478177 0.0177261 0.0176688 0.0178117 0.0182085 0.0291028 0.0177098 0.0177695 0.0177098 0.0177098 0.0206303 0.0176688 0.0206970 0.0206970 0.0147120 0.0176688 0.0209130 0.0300938 0.0100990 0.0176688 0.0177542 0.0176688 0.0208160 0.0176688 0.0206970 0.0028028 0.0272407 0.0208160 0.0477915 0.0115250 0.0277187 0.0376152 0.0405571 0.0373802 0.0176688 0.0272841 0.0208160 0.0372849 0.0372849 0.0298993 0.0241549 0.0241549 0.0412406 0.0409229 0.0206970 0.0176688 0.0176688 0.0176688 0.0208644 0.0176688 0.0176688 0.0176688 0.0179545 0.0176688 0.0176688 0.0176688 0.0134435 0.0176688 0.0176688 0.0176688 0.0176688 0.0000010 0.0027920 0.0206970 0.0515360 0.0343412 0.0514849 0.0376440 0.0343412 0.0758434 0.0891222 0.0343412 0.0412228 0.0415997 0.0376440 0.0308374 0.0208160 0.0208160 0.0206970 0.0208160 0.0176688 0.0206970 0.0372849 0.0206970 0.0206970 0.0027920 0.0206970 0.0000010 0.0000010 0.0027920 0.0027920 0.0000010 0.0028052 0.0206970 0.0027920 0.0028116 0.0177261 0.0028176 0.0027920 0.0206970 0.0177261 0.0177261 0.0238084 0.0000010 0.0027920 0.0086036 0.0000026 0.0206970 0.0027920 0.0027920 0.0206970 0.0027920 0.0027920 0.0027984 0.0206970 0.0000026 0.0027920 0.0176688 0.0027920 0.0027920 0.0027920 0.0177837 0.0027920 0.0027920 0.0027920 0.0027920 0.0027920 0.0027920 0.0027920 0.0206970 0.0177261 0.0213981 0.0206970 0.0206970 0.0027920 0.0207642 0.0206970 0.0027920 0.0027920 0.0027920 0.0027920 0.0027920 0.0000010 0.0000010 0.0027920 0.0000010 0.0000010 0.0027920 0.0000010 0.0027920 0.0027920 0.0027920 0.0206970 0.0058296 0.0027920 0.0000010 0.0209843 0.0027920 0.0027920 0.0027920 0.0000010 0.0028095 0.0027920 0.0027920 0.0241558 0.0176688 0.0027920 0.0027920 0.0027920 0.0206970 0.0176688 0.0177261 0.0206970 0.0000010 0.0056633 0.0000010 0.0038390 0.0000010 0.0027920 0.0027920 0.0027920 0.0038958 0.0027920 0.0206970 0.0000010 0.0027920 0.0027920 0.0027920 0.0000010 0.0027920 
Gen_600_7_F.Nem_0425_4_2_R_ASV_3                0.0237671 0.0206970 0.0000000 0.0443894 0.0697194 0.0478017 0.0028083 0.0367435 0.0028171 0.0028083 0.0056832 0.0148692 0.0186023 0.0144697 0.0028235 0.0144697 0.0144697 0.0028083 0.0028083 0.0113766 0.0113766 0.0028171 0.0028083 0.0175721 0.0175318 0.0049571 0.0028083 0.0028210 0.0084986 0.0056702 0.0028083 0.0000010 0.0237671 0.0174592 0.0114399 0.0367248 0.0337572 0.0117310 0.0337824 0.0299768 0.0269360 0.0028083 0.0174870 0.0114399 0.0268706 0.0268706 0.0234305 0.0207160 0.0145145 0.0372908 0.0302420 0.0028171 0.0028083 0.0028083 0.0028083 0.0056832 0.0028083 0.0028083 0.0028083 0.0028522 0.0028083 0.0028083 0.0028083 0.0000010 0.0028083 0.0028083 0.0028083 0.0028083 0.0000010 0.0237671 0.0113766 0.0473290 0.0305876 0.0472809 0.0338079 0.0305876 0.0635452 0.0760582 0.0305876 0.0372769 0.0376138 0.0338079 0.0271958 0.0114399 0.0114399 0.0113766 0.0114399 0.0028083 0.0113766 0.0268706 0.0113766 0.0000010 0.0237671 0.0113766 0.0206970 0.0206970 0.0237671 0.0237671 0.0206970 0.0238861 0.0000010 0.0237671 0.0239415 0.0000026 0.0207475 0.0237671 0.0113766 0.0000026 0.0000026 0.0028126 0.0206970 0.0237671 0.0174880 0.0207642 0.0113766 0.0237671 0.0237671 0.0113766 0.0237671 0.0237671 0.0238261 0.0113766 0.0207642 0.0237671 0.0028083 0.0237671 0.0237671 0.0237671 0.0000026 0.0237671 0.0237671 0.0237671 0.0237671 0.0237671 0.0237671 0.0237671 0.0113766 0.0000026 0.0000010 0.0113766 0.0000010 0.0237671 0.0000010 0.0000010 0.0237671 0.0237671 0.0237671 0.0237671 0.0237671 0.0206970 0.0206970 0.0237671 0.0206970 0.0206970 0.0237671 0.0206970 0.0237671 0.0237671 0.0237671 0.0000010 0.0279780 0.0237671 0.0206970 0.0115295 0.0237671 0.0237671 0.0237671 0.0207992 0.0239224 0.0237671 0.0237671 0.0028519 0.0028083 0.0237671 0.0237671 0.0237671 0.0000010 0.0028083 0.0000026 0.0000010 0.0314240 0.0271318 0.0206970 0.0335400 0.0206970 0.0237671 0.0237671 0.0237671 0.0340851 0.0237671 0.0113766 0.0206970 0.0237671 0.0237671 0.0237671 0.0206970 0.0237671 
JQ993669_Isospora_sp._ex_Talpa_europaea         0.0412495 0.0446085 0.0443894 0.0000000 0.0079259 0.0135674 0.0243558 0.0244878 0.0244372 0.0244718 0.0369592 0.0237934 0.0277980 0.0217058 0.0327524 0.0217058 0.0223884 0.0248671 0.0244134 0.0331170 0.0235442 0.0235945 0.0244718 0.0226521 0.0253287 0.0210120 0.0244134 0.0261914 0.0234945 0.0262411 0.0262086 0.0254857 0.0261751 0.0225474 0.0235444 0.0287414 0.0360790 0.0568905 0.0215798 0.0233753 0.0243199 0.0243558 0.0245998 0.0252900 0.0216580 0.0215919 0.0234497 0.0234560 0.0225357 0.0199221 0.0243757 0.0238377 0.0244134 0.0287087 0.0244312 0.0271526 0.0275861 0.0244718 0.0244134 0.0236212 0.0244134 0.0253859 0.0244312 0.0233501 0.0247482 0.0246592 0.0244718 0.0244718 0.0197356 0.0281439 0.0286298 0.0224199 0.0207532 0.0263260 0.0198805 0.0207042 0.0310765 0.0442554 0.0207624 0.0253140 0.0263041 0.0198100 0.0206843 0.0232629 0.0235732 0.0235271 0.0234945 0.0345844 0.0235052 0.0322685 0.0239521 0.0252542 0.0256774 0.0243256 0.0274927 0.0286163 0.0275591 0.0275591 0.0246141 0.0297097 0.0267590 0.0275364 0.0297832 0.0254269 0.0265449 0.0277222 0.0235487 0.0254269 0.0250920 0.0275243 0.0285927 0.0264989 0.0225046 0.0264928 0.0244952 0.0275054 0.0276341 0.0244615 0.0286631 0.0270358 0.0275681 0.0241399 0.0278395 0.0273274 0.0253990 0.0275364 0.0271018 0.0268260 0.0261316 0.0260538 0.0265185 0.0283446 0.0275591 0.0266651 0.0267999 0.0265532 0.0243256 0.0291776 0.0282712 0.0237430 0.0261193 0.0264200 0.0266536 0.0240109 0.0275054 0.0280796 0.0269699 0.0267600 0.0263679 0.0279961 0.0285985 0.0271018 0.0282708 0.0285927 0.0271018 0.0277271 0.0271018 0.0264989 0.0271175 0.0254857 0.0263651 0.0256960 0.0366902 0.0236789 0.0265466 0.0263449 0.0264707 0.0294666 0.0325952 0.0262817 0.0284621 0.0264027 0.0245179 0.0262630 0.0262630 0.0263449 0.0274889 0.0236197 0.0237236 0.0246189 0.0275556 0.0339223 0.0280614 0.0244685 0.0267245 0.0256005 0.0281634 0.0298481 0.0246595 0.0274990 0.0211131 0.0329220 0.0248162 0.0255146 0.0256774 0.0285538 0.0260331 
JQ993670_Isospora_sp._ex_Talpa_europaea         0.0620602 0.0662700 0.0697194 0.0079259 0.0000000 0.0138618 0.0324793 0.0366658 0.0325216 0.0325867 0.0744641 0.0300294 0.0338793 0.0300294 0.0447498 0.0300294 0.0300294 0.0333628 0.0324793 0.0577744 0.0312809 0.0313721 0.0325867 0.0313795 0.0338526 0.0210690 0.0324793 0.0350628 0.0312904 0.0351528 0.0350599 0.0354823 0.0367929 0.0352672 0.0313816 0.0460115 0.0394206 0.0394827 0.0339857 0.0365073 0.0365437 0.0324793 0.0355698 0.0338016 0.0352717 0.0352356 0.0337550 0.0339204 0.0338426 0.0328211 0.0379158 0.0330970 0.0324793 0.0324793 0.0325121 0.0339550 0.0404205 0.0325867 0.0324793 0.0314197 0.0324793 0.0325867 0.0325121 0.0247672 0.0330970 0.0333262 0.0325867 0.0325867 0.0197859 0.0366054 0.0449159 0.0350946 0.0301865 0.0341501 0.0289620 0.0327118 0.0450262 0.0522124 0.0301865 0.0380243 0.0367511 0.0314612 0.0313507 0.0321141 0.0317496 0.0312494 0.0312904 0.0486348 0.0312188 0.0596204 0.0320327 0.0337342 0.0350238 0.0342713 0.0395365 0.0409729 0.0393794 0.0393794 0.0366756 0.0426399 0.0374526 0.0393308 0.0409729 0.0359444 0.0335048 0.0394299 0.0320135 0.0359444 0.0337368 0.0390257 0.0409216 0.0361349 0.0317924 0.0348240 0.0330497 0.0376036 0.0395377 0.0343131 0.0410688 0.0350238 0.0377262 0.0323813 0.0397480 0.0372616 0.0343139 0.0393308 0.0368313 0.0363053 0.0370657 0.0357526 0.0361731 0.0397827 0.0393794 0.0397330 0.0362563 0.0367329 0.0342713 0.0374807 0.0339995 0.0320717 0.0352346 0.0355427 0.0348116 0.0325831 0.0376036 0.0355070 0.0365781 0.0361800 0.0358848 0.0380838 0.0392445 0.0368313 0.0386095 0.0409216 0.0368313 0.0413407 0.0368313 0.0361349 0.0373352 0.0354823 0.0358056 0.0357430 0.0498722 0.0302581 0.0357791 0.0354027 0.0356373 0.0415676 0.0445839 0.0352846 0.0448134 0.0353488 0.0326188 0.0352494 0.0352494 0.0354027 0.0384028 0.0323061 0.0325069 0.0337601 0.0779214 0.0378515 0.0392153 0.0637786 0.0370765 0.0353673 0.0362831 0.0417108 0.0652157 0.0392524 0.0298668 0.0395592 0.0379441 0.0351970 0.0350238 0.0408398 0.0408637 
JQ993671_Isospora_sp._ex_Talpa_europaea         0.0486042 0.0520632 0.0478017 0.0135674 0.0138618 0.0000000 0.0362510 0.0354638 0.0366301 0.0366787 0.0516219 0.0287407 0.0329153 0.0350491 0.0401810 0.0349530 0.0281412 0.0370130 0.0363463 0.0475733 0.0358078 0.0358758 0.0365770 0.0362477 0.0367985 0.0271556 0.0365988 0.0384317 0.0349791 0.0383519 0.0374343 0.0349219 0.0396000 0.0318846 0.0342279 0.0390193 0.0465399 0.0648491 0.0300733 0.0334563 0.0343053 0.0368750 0.0378751 0.0377476 0.0323751 0.0322845 0.0392830 0.0369992 0.0333632 0.0315365 0.0350117 0.0370880 0.0354454 0.0335960 0.0366233 0.0321399 0.0335661 0.0366787 0.0365988 0.0356320 0.0359448 0.0333400 0.0360177 0.0262166 0.0364058 0.0373460 0.0366787 0.0368148 0.0254775 0.0393634 0.0433061 0.0354376 0.0285334 0.0368572 0.0277733 0.0284757 0.0402158 0.0537772 0.0285445 0.0325516 0.0342287 0.0276881 0.0292870 0.0323787 0.0352312 0.0357838 0.0370849 0.0441907 0.0356924 0.0417455 0.0371868 0.0365687 0.0391456 0.0329452 0.0391620 0.0399140 0.0387697 0.0387697 0.0371130 0.0410982 0.0346561 0.0387802 0.0412028 0.0340941 0.0383806 0.0390831 0.0325776 0.0340561 0.0380713 0.0362751 0.0398347 0.0377704 0.0348335 0.0392361 0.0376686 0.0403496 0.0421187 0.0331325 0.0399788 0.0379506 0.0410631 0.0367938 0.0396716 0.0405242 0.0379383 0.0387365 0.0384391 0.0392948 0.0356409 0.0374931 0.0392357 0.0406523 0.0388135 0.0392318 0.0407236 0.0391569 0.0329085 0.0378585 0.0339642 0.0350520 0.0385144 0.0387185 0.0396858 0.0374411 0.0403496 0.0365298 0.0400336 0.0397448 0.0396147 0.0390004 0.0413800 0.0398099 0.0414116 0.0398347 0.0396274 0.0423325 0.0396274 0.0393889 0.0405950 0.0349219 0.0386953 0.0379654 0.0485339 0.0346092 0.0390071 0.0386183 0.0387862 0.0418274 0.0448028 0.0385333 0.0398346 0.0373729 0.0364558 0.0382074 0.0382074 0.0383418 0.0410192 0.0368208 0.0369617 0.0377310 0.0492832 0.0413909 0.0412224 0.0458682 0.0395862 0.0388036 0.0392200 0.0427455 0.0427595 0.0389017 0.0327397 0.0436848 0.0384606 0.0371557 0.0371688 0.0398464 0.0403439 
JQ993665_Eimeria_nafuko                         0.0207125 0.0176688 0.0028083 0.0243558 0.0324793 0.0362510 0.0000000 0.0177172 0.0007357 0.0007366 0.0050867 0.0042762 0.0054196 0.0044608 0.0000010 0.0044608 0.0040371 0.0007473 0.0007351 0.0035163 0.0029534 0.0007372 0.0007366 0.0052235 0.0062275 0.0013377 0.0007351 0.0021931 0.0021923 0.0021954 0.0029275 0.0009116 0.0108497 0.0151280 0.0044073 0.0221107 0.0184547 0.0254871 0.0199184 0.0174744 0.0174751 0.0007283 0.0067677 0.0051439 0.0152767 0.0152357 0.0082308 0.0074287 0.0112590 0.0137414 0.0175105 0.0007442 0.0000010 0.0030901 0.0007356 0.0010534 0.0012817 0.0007366 0.0007351 0.0007381 0.0000010 0.0000010 0.0000010 0.0000010 0.0000010 0.0007665 0.0007366 0.0007366 0.0000010 0.0120342 0.0039993 0.0168023 0.0191821 0.0265941 0.0199853 0.0183580 0.0291897 0.0426942 0.0191897 0.0240564 0.0240824 0.0183500 0.0191255 0.0027072 0.0023533 0.0029516 0.0036670 0.0000010 0.0029492 0.0163965 0.0029969 0.0014580 0.0110619 0.0028398 0.0076136 0.0096945 0.0106686 0.0106686 0.0068450 0.0106977 0.0009601 0.0106719 0.0107228 0.0000024 0.0102109 0.0107485 0.0035313 0.0000024 0.0007523 0.0018942 0.0096768 0.0103436 0.0056582 0.0094099 0.0038286 0.0118166 0.0132421 0.0028545 0.0116842 0.0101666 0.0118394 0.0030166 0.0077047 0.0109347 0.0007601 0.0106604 0.0102649 0.0107617 0.0000025 0.0113479 0.0110030 0.0114492 0.0106800 0.0107890 0.0107526 0.0105749 0.0028368 0.0010402 0.0000010 0.0023422 0.0015110 0.0106205 0.0030921 0.0015536 0.0118166 0.0113459 0.0108114 0.0107381 0.0109488 0.0093899 0.0110623 0.0108564 0.0101404 0.0096768 0.0108564 0.0113146 0.0108564 0.0109961 0.0122093 0.0009116 0.0094456 0.0106896 0.0123955 0.0022583 0.0106646 0.0105943 0.0106382 0.0103887 0.0155460 0.0105724 0.0123750 0.0022249 0.0007378 0.0105661 0.0105661 0.0105943 0.0032717 0.0007918 0.0007948 0.0015868 0.0155564 0.0136218 0.0115714 0.0205542 0.0102063 0.0113961 0.0092978 0.0148519 0.0174093 0.0107027 0.0031770 0.0122667 0.0095837 0.0106806 0.0104402 0.0105267 0.0100159 
JQ993659_Eimeria_alorani                        0.0512565 0.0478177 0.0367435 0.0244878 0.0366658 0.0354638 0.0177172 0.0000000 0.0167165 0.0167026 0.0292056 0.0154691 0.0156394 0.0175085 0.0223969 0.0177029 0.0156713 0.0169411 0.0167026 0.0248805 0.0159343 0.0159638 0.0167026 0.0199090 0.0212450 0.0067538 0.0167026 0.0182911 0.0182841 0.0183108 0.0190754 0.0170708 0.0214588 0.0066662 0.0199333 0.0098406 0.0292060 0.0440816 0.0112103 0.0029316 0.0044071 0.0175188 0.0183330 0.0198765 0.0021926 0.0021926 0.0222580 0.0190934 0.0089564 0.0098022 0.0044159 0.0168701 0.0172981 0.0171432 0.0167026 0.0153127 0.0173519 0.0167026 0.0167026 0.0167713 0.0170762 0.0158530 0.0171301 0.0087283 0.0172546 0.0165589 0.0167026 0.0167026 0.0063736 0.0223836 0.0206172 0.0151365 0.0112637 0.0207940 0.0120360 0.0120037 0.0224366 0.0345051 0.0112681 0.0159488 0.0159655 0.0119996 0.0112308 0.0168450 0.0179947 0.0159343 0.0184647 0.0236044 0.0159345 0.0059874 0.0162948 0.0174792 0.0208586 0.0156903 0.0225243 0.0229982 0.0240083 0.0240083 0.0201793 0.0240748 0.0180135 0.0240150 0.0241332 0.0167271 0.0198622 0.0241937 0.0155122 0.0167091 0.0170955 0.0187519 0.0229546 0.0212503 0.0205571 0.0190360 0.0164994 0.0215136 0.0254613 0.0157749 0.0251079 0.0228475 0.0217076 0.0162504 0.0228037 0.0214302 0.0172396 0.0239889 0.0219541 0.0210410 0.0179941 0.0224911 0.0206685 0.0258216 0.0240345 0.0242841 0.0218982 0.0246344 0.0156734 0.0195910 0.0122561 0.0162410 0.0179124 0.0207628 0.0190859 0.0176233 0.0215136 0.0222781 0.0211850 0.0210410 0.0206109 0.0209448 0.0210790 0.0212292 0.0206112 0.0229546 0.0214726 0.0220877 0.0214726 0.0206553 0.0261711 0.0170708 0.0238698 0.0201004 0.0301605 0.0164600 0.0208497 0.0207111 0.0207976 0.0246977 0.0260030 0.0207239 0.0241244 0.0175184 0.0167198 0.0207111 0.0207111 0.0207239 0.0202251 0.0171196 0.0171845 0.0179699 0.0415093 0.0269107 0.0217476 0.0369496 0.0218821 0.0214163 0.0253346 0.0250458 0.0320876 0.0240869 0.0156052 0.0265355 0.0227665 0.0219605 0.0214545 0.0225901 0.0238278 
KU174470_Eimeria_apionodes                      0.0207798 0.0177261 0.0028171 0.0244372 0.0325216 0.0366301 0.0007357 0.0167165 0.0000000 0.0000020 0.0036616 0.0042809 0.0054261 0.0036285 0.0000028 0.0037077 0.0040414 0.0000021 0.0000020 0.0035216 0.0021624 0.0000021 0.0000020 0.0058776 0.0062339 0.0013377 0.0000020 0.0021636 0.0028868 0.0014420 0.0021637 0.0009125 0.0100475 0.0141566 0.0043568 0.0207824 0.0174173 0.0243046 0.0188630 0.0164638 0.0164645 0.0007200 0.0058752 0.0043448 0.0141574 0.0141487 0.0080426 0.0065874 0.0118722 0.0128084 0.0180586 0.0000021 0.0000021 0.0030936 0.0000020 0.0010546 0.0012834 0.0000020 0.0000020 0.0000021 0.0000021 0.0000022 0.0000021 0.0000010 0.0000021 0.0000021 0.0000020 0.0000020 0.0000010 0.0111139 0.0029030 0.0166023 0.0189529 0.0262707 0.0197461 0.0181393 0.0288316 0.0402795 0.0189603 0.0237660 0.0237914 0.0181314 0.0188976 0.0027099 0.0023555 0.0021611 0.0029460 0.0000028 0.0021612 0.0164334 0.0022382 0.0007184 0.0101652 0.0028426 0.0076224 0.0097052 0.0106804 0.0106804 0.0068531 0.0107095 0.0009611 0.0106836 0.0107347 0.0000024 0.0091959 0.0107605 0.0035348 0.0000024 0.0000021 0.0009469 0.0096873 0.0103522 0.0056644 0.0084155 0.0030274 0.0107953 0.0132558 0.0028574 0.0116972 0.0101763 0.0109706 0.0022162 0.0077147 0.0100347 0.0000021 0.0106722 0.0102737 0.0097545 0.0000025 0.0113578 0.0099595 0.0114629 0.0106919 0.0108002 0.0106526 0.0105857 0.0028397 0.0010413 0.0000010 0.0023443 0.0007371 0.0096222 0.0022615 0.0007677 0.0107953 0.0113588 0.0099227 0.0098572 0.0100473 0.0093977 0.0102703 0.0098706 0.0092514 0.0096873 0.0100537 0.0103087 0.0100537 0.0099950 0.0122209 0.0009125 0.0094565 0.0096828 0.0124143 0.0022602 0.0096884 0.0095990 0.0096377 0.0104008 0.0144423 0.0095798 0.0110769 0.0014475 0.0000020 0.0095741 0.0095741 0.0095990 0.0023894 0.0000021 0.0000021 0.0007732 0.0155889 0.0136401 0.0104608 0.0195849 0.0102161 0.0103068 0.0093099 0.0136565 0.0150431 0.0107146 0.0031789 0.0122817 0.0095940 0.0106901 0.0104491 0.0105372 0.0100272 
KU174461_Eimeria_apionodes                      0.0207125 0.0176688 0.0028083 0.0244718 0.0325867 0.0366787 0.0007366 0.0167026 0.0000020 0.0000000 0.0036566 0.0042849 0.0054356 0.0036306 0.0000010 0.0037099 0.0040449 0.0000010 0.0000010 0.0035163 0.0021636 0.0000026 0.0000010 0.0058810 0.0062426 0.0013377 0.0000010 0.0021661 0.0028901 0.0014439 0.0021662 0.0009116 0.0100382 0.0141737 0.0043618 0.0207651 0.0174388 0.0243360 0.0188863 0.0164839 0.0164846 0.0007208 0.0058704 0.0043497 0.0141659 0.0141659 0.0080518 0.0065951 0.0118858 0.0128241 0.0180809 0.0000010 0.0000010 0.0030988 0.0000010 0.0010534 0.0012817 0.0000010 0.0000010 0.0000026 0.0000010 0.0000010 0.0000010 0.0000010 0.0000010 0.0000010 0.0000010 0.0000010 0.0000010 0.0111266 0.0029007 0.0166227 0.0189764 0.0263043 0.0197707 0.0181617 0.0288694 0.0412684 0.0189838 0.0237961 0.0238215 0.0181538 0.0189210 0.0027072 0.0023533 0.0021636 0.0029494 0.0000010 0.0021637 0.0163965 0.0022363 0.0007193 0.0101566 0.0028398 0.0076136 0.0096945 0.0106686 0.0106686 0.0068450 0.0106977 0.0009601 0.0106719 0.0107228 0.0000024 0.0091879 0.0107485 0.0035313 0.0000024 0.0000021 0.0018942 0.0096768 0.0103436 0.0056582 0.0084088 0.0030250 0.0107862 0.0132421 0.0028545 0.0116842 0.0101666 0.0109612 0.0022146 0.0077047 0.0100253 0.0000010 0.0106604 0.0102649 0.0097457 0.0000025 0.0113479 0.0099502 0.0114492 0.0106800 0.0107890 0.0106428 0.0105749 0.0028368 0.0010402 0.0000010 0.0023422 0.0007365 0.0096140 0.0022596 0.0007670 0.0107862 0.0113459 0.0099145 0.0098482 0.0100389 0.0093899 0.0102605 0.0098617 0.0092430 0.0096768 0.0100444 0.0102985 0.0100444 0.0099866 0.0122093 0.0009116 0.0094456 0.0096748 0.0123955 0.0022583 0.0096802 0.0095908 0.0096295 0.0103887 0.0144295 0.0095908 0.0110653 0.0014464 0.0000010 0.0095852 0.0095852 0.0095908 0.0023873 0.0000010 0.0000021 0.0007725 0.0155564 0.0136218 0.0104513 0.0195525 0.0102063 0.0102974 0.0092978 0.0136435 0.0150182 0.0107027 0.0031770 0.0122667 0.0095837 0.0106806 0.0104402 0.0105267 0.0100159 
KU174464_Eimeria_apionodes                      0.0208801 0.0178117 0.0056832 0.0369592 0.0744641 0.0516219 0.0050867 0.0292056 0.0036616 0.0036566 0.0000000 0.0165019 0.0200054 0.0086702 0.0056562 0.0089982 0.0143193 0.0036566 0.0036566 0.0067116 0.0061164 0.0000021 0.0036566 0.0126494 0.0163062 0.0130117 0.0036566 0.0061344 0.0061164 0.0048952 0.0048898 0.0060834 0.0157057 0.0203845 0.0098981 0.0286621 0.0276242 0.0449515 0.0273735 0.0285747 0.0272332 0.0049016 0.0112530 0.0073871 0.0244716 0.0244716 0.0150421 0.0112534 0.0231776 0.0235387 0.0301026 0.0036615 0.0039478 0.0151233 0.0036566 0.0105886 0.0070091 0.0036566 0.0036566 0.0036812 0.0038638 0.0049099 0.0038841 0.0076638 0.0038706 0.0036601 0.0036566 0.0036773 0.0087392 0.0164848 0.0061164 0.0303351 0.0303452 0.0420899 0.0317273 0.0288756 0.0483810 0.0633754 0.0303658 0.0302905 0.0348431 0.0288439 0.0274686 0.0075817 0.0066704 0.0061164 0.0076303 0.0053578 0.0061225 0.0243630 0.0063274 0.0048835 0.0155075 0.0076353 0.0155851 0.0141139 0.0156928 0.0156928 0.0142104 0.0157816 0.0062552 0.0157199 0.0158219 0.0045688 0.0138692 0.0158631 0.0076640 0.0045611 0.0037425 0.0076510 0.0140896 0.0161466 0.0118973 0.0138747 0.0062520 0.0152282 0.0188770 0.0076901 0.0157199 0.0173630 0.0156065 0.0061573 0.0158240 0.0154690 0.0036566 0.0156928 0.0162949 0.0151446 0.0049649 0.0161128 0.0151236 0.0174293 0.0157199 0.0158276 0.0168220 0.0150138 0.0076225 0.0053579 0.0092958 0.0065319 0.0048835 0.0151236 0.0073991 0.0049915 0.0152282 0.0243896 0.0154690 0.0154690 0.0154690 0.0147385 0.0144288 0.0152282 0.0141513 0.0140896 0.0157057 0.0141513 0.0157057 0.0152282 0.0165880 0.0060834 0.0194082 0.0151974 0.0191309 0.0065838 0.0151965 0.0151236 0.0151236 0.0156366 0.0152389 0.0151236 0.0151236 0.0061568 0.0036627 0.0151236 0.0151236 0.0151236 0.0048835 0.0036566 0.0036616 0.0048835 0.0156393 0.0278405 0.0138359 0.0196327 0.0154373 0.0151236 0.0202915 0.0151236 0.0150800 0.0158276 0.0079142 0.0208678 0.0170528 0.0161128 0.0162353 0.0147862 0.0170924 
KU174480_Eimeria_apionodes                      0.0151110 0.0182085 0.0148692 0.0237934 0.0300294 0.0287407 0.0042762 0.0154691 0.0042809 0.0042849 0.0165019 0.0000000 0.0054505 0.0000010 0.0063347 0.0000010 0.0000010 0.0043758 0.0042762 0.0063388 0.0032043 0.0032128 0.0042849 0.0010619 0.0042663 0.0000010 0.0042762 0.0064441 0.0032082 0.0064598 0.0064442 0.0062460 0.0090099 0.0131567 0.0032168 0.0217836 0.0132294 0.0098560 0.0177447 0.0142620 0.0142746 0.0042762 0.0043115 0.0053627 0.0131459 0.0131459 0.0042551 0.0042878 0.0064730 0.0133000 0.0154320 0.0043496 0.0042762 0.0042762 0.0042762 0.0053798 0.0070029 0.0042849 0.0042762 0.0043014 0.0042762 0.0042849 0.0042762 0.0024539 0.0043443 0.0045390 0.0042849 0.0042849 0.0012601 0.0098001 0.0051542 0.0166314 0.0143465 0.0189661 0.0132354 0.0143465 0.0274518 0.0377151 0.0143465 0.0237323 0.0201360 0.0132274 0.0154301 0.0036941 0.0033763 0.0032043 0.0032082 0.0070805 0.0032016 0.0236219 0.0032731 0.0053530 0.0092683 0.0039107 0.0085997 0.0120076 0.0106546 0.0106546 0.0080534 0.0133859 0.0065513 0.0106433 0.0134144 0.0052393 0.0080394 0.0106662 0.0047302 0.0052393 0.0044193 0.0078754 0.0119949 0.0091878 0.0039924 0.0091968 0.0045056 0.0103814 0.0106933 0.0039156 0.0120339 0.0092683 0.0104107 0.0033045 0.0086407 0.0091130 0.0044863 0.0106433 0.0090180 0.0089041 0.0053834 0.0106384 0.0091962 0.0107522 0.0106546 0.0107407 0.0088932 0.0109004 0.0039107 0.0065559 0.0048240 0.0034065 0.0055586 0.0087366 0.0057040 0.0057920 0.0103814 0.0087290 0.0089638 0.0088771 0.0091299 0.0101423 0.0116254 0.0090180 0.0102677 0.0119949 0.0090180 0.0121047 0.0090180 0.0091878 0.0118968 0.0062460 0.0082374 0.0087811 0.0130882 0.0032270 0.0087888 0.0087055 0.0087574 0.0121758 0.0158378 0.0086876 0.0108033 0.0064914 0.0042885 0.0086801 0.0086801 0.0087055 0.0087656 0.0047686 0.0047945 0.0059783 0.0280230 0.0111952 0.0124309 0.0214627 0.0109910 0.0096861 0.0069000 0.0148252 0.0218195 0.0106240 0.0034633 0.0116396 0.0071754 0.0096450 0.0092683 0.0119732 0.0076523 
KU174483_Eimeria_apionodes                      0.0257568 0.0291028 0.0186023 0.0277980 0.0338793 0.0329153 0.0054196 0.0156394 0.0054261 0.0054356 0.0200054 0.0054505 0.0000000 0.0054505 0.0080930 0.0054505 0.0054505 0.0055526 0.0054196 0.0087034 0.0043356 0.0043472 0.0054356 0.0065701 0.0076348 0.0040482 0.0054196 0.0076232 0.0043372 0.0076420 0.0076233 0.0076252 0.0126764 0.0144561 0.0021589 0.0232946 0.0157129 0.0088214 0.0215324 0.0155778 0.0155918 0.0054196 0.0077246 0.0043191 0.0144573 0.0144441 0.0098603 0.0076741 0.0076578 0.0169886 0.0167717 0.0055189 0.0054196 0.0054196 0.0054244 0.0065520 0.0085670 0.0054356 0.0054196 0.0054513 0.0054196 0.0054356 0.0054244 0.0036917 0.0055122 0.0057630 0.0054356 0.0054356 0.0025280 0.0133482 0.0070373 0.0203944 0.0180419 0.0228031 0.0169046 0.0180419 0.0315756 0.0421981 0.0180419 0.0277242 0.0240092 0.0168941 0.0191447 0.0024833 0.0022688 0.0043318 0.0021531 0.0090696 0.0043281 0.0268514 0.0044301 0.0065131 0.0130495 0.0053098 0.0132835 0.0164523 0.0150542 0.0150542 0.0124162 0.0178835 0.0080047 0.0150377 0.0164523 0.0066684 0.0117579 0.0150712 0.0060097 0.0066684 0.0056086 0.0093555 0.0164344 0.0129332 0.0082046 0.0129460 0.0057199 0.0141720 0.0151098 0.0053154 0.0164893 0.0130495 0.0142131 0.0044733 0.0133487 0.0128248 0.0056950 0.0150377 0.0126881 0.0125249 0.0068551 0.0145313 0.0129454 0.0151958 0.0150542 0.0151789 0.0125085 0.0148976 0.0053098 0.0080107 0.0060342 0.0046135 0.0067730 0.0122838 0.0069530 0.0070619 0.0141720 0.0122728 0.0126107 0.0124854 0.0128501 0.0138383 0.0154765 0.0126881 0.0140131 0.0164344 0.0126881 0.0165889 0.0126881 0.0129332 0.0158460 0.0076252 0.0127074 0.0123478 0.0186085 0.0043663 0.0123589 0.0122392 0.0123138 0.0166894 0.0196798 0.0122023 0.0159279 0.0076869 0.0054403 0.0121915 0.0121915 0.0122392 0.0101919 0.0060593 0.0060939 0.0072928 0.0406057 0.0153102 0.0165747 0.0324351 0.0150239 0.0136514 0.0113563 0.0190038 0.0330186 0.0150099 0.0046916 0.0159351 0.0118228 0.0135917 0.0130495 0.0164040 0.0126329 
KU174462_Eimeria_apionodes                      0.0146987 0.0177098 0.0144697 0.0217058 0.0300294 0.0350491 0.0044608 0.0175085 0.0036285 0.0036306 0.0086702 0.0000010 0.0054505 0.0000000 0.0063526 0.0000010 0.0000010 0.0036824 0.0036256 0.0047358 0.0028987 0.0029037 0.0036306 0.0021785 0.0035272 0.0000010 0.0036256 0.0058292 0.0036300 0.0051001 0.0058292 0.0055418 0.0076870 0.0149379 0.0051092 0.0207961 0.0150759 0.0285281 0.0180648 0.0172540 0.0172548 0.0043645 0.0036497 0.0050992 0.0149295 0.0149295 0.0043386 0.0028978 0.0126440 0.0120258 0.0188570 0.0036675 0.0037919 0.0072946 0.0036256 0.0053266 0.0064986 0.0036306 0.0036256 0.0036401 0.0037450 0.0042816 0.0037564 0.0024539 0.0037906 0.0037760 0.0036306 0.0036428 0.0012601 0.0088503 0.0038997 0.0158093 0.0181507 0.0246667 0.0173880 0.0173414 0.0279843 0.0403035 0.0181578 0.0229436 0.0229680 0.0157927 0.0180979 0.0036375 0.0031589 0.0028987 0.0037049 0.0066831 0.0028988 0.0208054 0.0030008 0.0043549 0.0077764 0.0038170 0.0065051 0.0087003 0.0077157 0.0077157 0.0058505 0.0096975 0.0058405 0.0077181 0.0097202 0.0047872 0.0068601 0.0077732 0.0044476 0.0047821 0.0037563 0.0067215 0.0086844 0.0079198 0.0028137 0.0076270 0.0038059 0.0084361 0.0105401 0.0038370 0.0087142 0.0073535 0.0085724 0.0029715 0.0065833 0.0076772 0.0037445 0.0077098 0.0078590 0.0074639 0.0051401 0.0088742 0.0076200 0.0082771 0.0077239 0.0078018 0.0083252 0.0078908 0.0038130 0.0063355 0.0048240 0.0031438 0.0044669 0.0073633 0.0060917 0.0046539 0.0084361 0.0082016 0.0075919 0.0075421 0.0076866 0.0085875 0.0094492 0.0075523 0.0084535 0.0086844 0.0076917 0.0094164 0.0076917 0.0076470 0.0095440 0.0055418 0.0062592 0.0074097 0.0109736 0.0030305 0.0074138 0.0073457 0.0073752 0.0093213 0.0120977 0.0073354 0.0082546 0.0051169 0.0036363 0.0073311 0.0073311 0.0073457 0.0064398 0.0038986 0.0039130 0.0046873 0.0135342 0.0136352 0.0096245 0.0149077 0.0093324 0.0078845 0.0057719 0.0111838 0.0104195 0.0077403 0.0039983 0.0111149 0.0066714 0.0081760 0.0079923 0.0096246 0.0069706 
KU174463_Eimeria_apionodes                      0.0208312 0.0177695 0.0028235 0.0327524 0.0447498 0.0401810 0.0000010 0.0223969 0.0000028 0.0000010 0.0056562 0.0063347 0.0080930 0.0063526 0.0000000 0.0063526 0.0058238 0.0000010 0.0000010 0.0047209 0.0037672 0.0000024 0.0000010 0.0076625 0.0076547 0.0020112 0.0000010 0.0025090 0.0037727 0.0025162 0.0025048 0.0012499 0.0102791 0.0141802 0.0037792 0.0224490 0.0157090 0.0187987 0.0211099 0.0195836 0.0209460 0.0000010 0.0089668 0.0050386 0.0182476 0.0182476 0.0115116 0.0103053 0.0129331 0.0184901 0.0210722 0.0000010 0.0000010 0.0045045 0.0000010 0.0015454 0.0014418 0.0000010 0.0000010 0.0000024 0.0000010 0.0000010 0.0000010 0.0000010 0.0000010 0.0000010 0.0000010 0.0000010 0.0000010 0.0129839 0.0040310 0.0225643 0.0197576 0.0281467 0.0211394 0.0184298 0.0342672 0.0420816 0.0197576 0.0225386 0.0239981 0.0197642 0.0197501 0.0037727 0.0037727 0.0037672 0.0037727 0.0000010 0.0037673 0.0164614 0.0037634 0.0012499 0.0102791 0.0037634 0.0089756 0.0089756 0.0102791 0.0102791 0.0089756 0.0103005 0.0012517 0.0102791 0.0103112 0.0000028 0.0089858 0.0102937 0.0037673 0.0000028 0.0000028 0.0025066 0.0089756 0.0102791 0.0076462 0.0089890 0.0037634 0.0102791 0.0102791 0.0037726 0.0102791 0.0102791 0.0102890 0.0037634 0.0089890 0.0102791 0.0000010 0.0102791 0.0102791 0.0102791 0.0000028 0.0102791 0.0102791 0.0102791 0.0102791 0.0102791 0.0102791 0.0102791 0.0037634 0.0012521 0.0000010 0.0037634 0.0012499 0.0102887 0.0025136 0.0012499 0.0102791 0.0118029 0.0102791 0.0102791 0.0102791 0.0089756 0.0089756 0.0102791 0.0089756 0.0089756 0.0102791 0.0089756 0.0102791 0.0102791 0.0102791 0.0012499 0.0118240 0.0103626 0.0124284 0.0037852 0.0103068 0.0102791 0.0102887 0.0090171 0.0103074 0.0102887 0.0102791 0.0025217 0.0000010 0.0102791 0.0102791 0.0102887 0.0025117 0.0000010 0.0000028 0.0012499 0.0189745 0.0127586 0.0089756 0.0207919 0.0089756 0.0102791 0.0105188 0.0102791 0.0209995 0.0102791 0.0050437 0.0107109 0.0102791 0.0102791 0.0102791 0.0089756 0.0102791 
KU174468_Eimeria_apionodes                      0.0146987 0.0177098 0.0144697 0.0217058 0.0300294 0.0349530 0.0044608 0.0177029 0.0037077 0.0037099 0.0089982 0.0000010 0.0054505 0.0000010 0.0063526 0.0000000 0.0000010 0.0037640 0.0037046 0.0047358 0.0029619 0.0029671 0.0037099 0.0022131 0.0035272 0.0000010 0.0037046 0.0052059 0.0037093 0.0052118 0.0059570 0.0055418 0.0076870 0.0152733 0.0044647 0.0212775 0.0154177 0.0292068 0.0184734 0.0176431 0.0176438 0.0044600 0.0037267 0.0052109 0.0152646 0.0152646 0.0036928 0.0029585 0.0113666 0.0122848 0.0176800 0.0037485 0.0037919 0.0072946 0.0037046 0.0053266 0.0064986 0.0037099 0.0037046 0.0037198 0.0037450 0.0042816 0.0037564 0.0024539 0.0037906 0.0038619 0.0037099 0.0037099 0.0012601 0.0090467 0.0040150 0.0161671 0.0177313 0.0235288 0.0169540 0.0169077 0.0277494 0.0403161 0.0177384 0.0226135 0.0226380 0.0153303 0.0176787 0.0036375 0.0031589 0.0029619 0.0037147 0.0066831 0.0029620 0.0208054 0.0030057 0.0044500 0.0078361 0.0038170 0.0065051 0.0087003 0.0077157 0.0077157 0.0058505 0.0096975 0.0058405 0.0077181 0.0097202 0.0047872 0.0070115 0.0077732 0.0044476 0.0047821 0.0037897 0.0067215 0.0086844 0.0079198 0.0028137 0.0077954 0.0038401 0.0085942 0.0105401 0.0038370 0.0087142 0.0073535 0.0086106 0.0030255 0.0065833 0.0077469 0.0038289 0.0077098 0.0078590 0.0076251 0.0051401 0.0088742 0.0077948 0.0082771 0.0077239 0.0078018 0.0076188 0.0078908 0.0038130 0.0063355 0.0048240 0.0031438 0.0045669 0.0075264 0.0062314 0.0046966 0.0085942 0.0082016 0.0076601 0.0076094 0.0077565 0.0085875 0.0094492 0.0076917 0.0085303 0.0086844 0.0076917 0.0095118 0.0076917 0.0077899 0.0095440 0.0055418 0.0062592 0.0075749 0.0109736 0.0030305 0.0075574 0.0075080 0.0075388 0.0093213 0.0123366 0.0074973 0.0084836 0.0052294 0.0037158 0.0074928 0.0074928 0.0075080 0.0065961 0.0039902 0.0040053 0.0047976 0.0135342 0.0136352 0.0098571 0.0155915 0.0093324 0.0080718 0.0057719 0.0114529 0.0108969 0.0077403 0.0039983 0.0111149 0.0066714 0.0081760 0.0079923 0.0096246 0.0069706 
KU174479_Eimeria_apionodes                      0.0146987 0.0177098 0.0144697 0.0223884 0.0300294 0.0281412 0.0040371 0.0156713 0.0040414 0.0040449 0.0143193 0.0000010 0.0054505 0.0000010 0.0058238 0.0000010 0.0000000 0.0041258 0.0040371 0.0056745 0.0030253 0.0030329 0.0040449 0.0010029 0.0040283 0.0000010 0.0040371 0.0060822 0.0030288 0.0060962 0.0060823 0.0058417 0.0084808 0.0124033 0.0030364 0.0205011 0.0124680 0.0092922 0.0167171 0.0134450 0.0145111 0.0040371 0.0040686 0.0050619 0.0123938 0.0123938 0.0040183 0.0040474 0.0061079 0.0125307 0.0145440 0.0041024 0.0040371 0.0072946 0.0040371 0.0053266 0.0064986 0.0040449 0.0040371 0.0040595 0.0040371 0.0040449 0.0040371 0.0024539 0.0040978 0.0042706 0.0040449 0.0040449 0.0012601 0.0092425 0.0047063 0.0156693 0.0135201 0.0178615 0.0124733 0.0135201 0.0258177 0.0354084 0.0135201 0.0223348 0.0189614 0.0124663 0.0145425 0.0034573 0.0031782 0.0030253 0.0030288 0.0064482 0.0030229 0.0208890 0.0030866 0.0050533 0.0087094 0.0036474 0.0079671 0.0111813 0.0099225 0.0099225 0.0074961 0.0124619 0.0061080 0.0099127 0.0124866 0.0048848 0.0075585 0.0099326 0.0044394 0.0048848 0.0041645 0.0073484 0.0111702 0.0086382 0.0037183 0.0086463 0.0042410 0.0097580 0.0099561 0.0036506 0.0112040 0.0087094 0.0097838 0.0031145 0.0080020 0.0085721 0.0042239 0.0099127 0.0084879 0.0083870 0.0050099 0.0099847 0.0086457 0.0100072 0.0099225 0.0099972 0.0083773 0.0102151 0.0036474 0.0061122 0.0048240 0.0032049 0.0052361 0.0082381 0.0064606 0.0054427 0.0097580 0.0082314 0.0084399 0.0083630 0.0085871 0.0095464 0.0109221 0.0084879 0.0096574 0.0111702 0.0084879 0.0112655 0.0084879 0.0086382 0.0111613 0.0058417 0.0076552 0.0082778 0.0120008 0.0030455 0.0082846 0.0082105 0.0082567 0.0113271 0.0149039 0.0081946 0.0099525 0.0061243 0.0040481 0.0081879 0.0081879 0.0082105 0.0081970 0.0044732 0.0044963 0.0056069 0.0222550 0.0136352 0.0116301 0.0173335 0.0102946 0.0090773 0.0064100 0.0138758 0.0175652 0.0098960 0.0032551 0.0108614 0.0066470 0.0090412 0.0087094 0.0111514 0.0070542 
KU174449_Eimeria_apionodes                      0.0236903 0.0206303 0.0028083 0.0248671 0.0333628 0.0370130 0.0007473 0.0169411 0.0000021 0.0000010 0.0036566 0.0043758 0.0055526 0.0036824 0.0000010 0.0037640 0.0041258 0.0000000 0.0000010 0.0035163 0.0021931 0.0000026 0.0000010 0.0059660 0.0063460 0.0013377 0.0000010 0.0021969 0.0029177 0.0021906 0.0021843 0.0009116 0.0100382 0.0142958 0.0043985 0.0207090 0.0183590 0.0245556 0.0190507 0.0167263 0.0167270 0.0007310 0.0059310 0.0044117 0.0143732 0.0143732 0.0081609 0.0066900 0.0119959 0.0129359 0.0182494 0.0000010 0.0000010 0.0031621 0.0000010 0.0010753 0.0012817 0.0000010 0.0000010 0.0000026 0.0000010 0.0000010 0.0000010 0.0000010 0.0000010 0.0000010 0.0000010 0.0000010 0.0000010 0.0119728 0.0028787 0.0167676 0.0191424 0.0265380 0.0199439 0.0183201 0.0291276 0.0407047 0.0191499 0.0240061 0.0240320 0.0183121 0.0183045 0.0027072 0.0023533 0.0021931 0.0029922 0.0000010 0.0021896 0.0163965 0.0022377 0.0007253 0.0109398 0.0028398 0.0087031 0.0106660 0.0116406 0.0116406 0.0078244 0.0116724 0.0009601 0.0116442 0.0116998 0.0000024 0.0099555 0.0117279 0.0035313 0.0000024 0.0000021 0.0018942 0.0106465 0.0111411 0.0066026 0.0091748 0.0030250 0.0115586 0.0141274 0.0028545 0.0126603 0.0110930 0.0117462 0.0022146 0.0088078 0.0107984 0.0000010 0.0116318 0.0110564 0.0104971 0.0000025 0.0121605 0.0107185 0.0124925 0.0116531 0.0117720 0.0114050 0.0114582 0.0028368 0.0010402 0.0000010 0.0023422 0.0007365 0.0104737 0.0022463 0.0007670 0.0115586 0.0125894 0.0106790 0.0106142 0.0108130 0.0101741 0.0110517 0.0106221 0.0100150 0.0106465 0.0108190 0.0111587 0.0108190 0.0107567 0.0130837 0.0009116 0.0104971 0.0112566 0.0137767 0.0022899 0.0105144 0.0104675 0.0104737 0.0114300 0.0128876 0.0104737 0.0119030 0.0014580 0.0000010 0.0104060 0.0104060 0.0104185 0.0023724 0.0000010 0.0000021 0.0007678 0.0175081 0.0148642 0.0111862 0.0208163 0.0110588 0.0110224 0.0104626 0.0143574 0.0163321 0.0116779 0.0031770 0.0133850 0.0105441 0.0115042 0.0112452 0.0114060 0.0110197 
KU174450_Eimeria_apionodes                      0.0207125 0.0176688 0.0028083 0.0244134 0.0324793 0.0363463 0.0007351 0.0167026 0.0000020 0.0000010 0.0036566 0.0042762 0.0054196 0.0036256 0.0000010 0.0037046 0.0040371 0.0000010 0.0000000 0.0035163 0.0021607 0.0000026 0.0000010 0.0058728 0.0062275 0.0013377 0.0000010 0.0021619 0.0028714 0.0021546 0.0021485 0.0009116 0.0100382 0.0140540 0.0043259 0.0206958 0.0172889 0.0241193 0.0187245 0.0164503 0.0164510 0.0007194 0.0058704 0.0043412 0.0141458 0.0141372 0.0080358 0.0065819 0.0117929 0.0127146 0.0179375 0.0000010 0.0000010 0.0030901 0.0000010 0.0010534 0.0012817 0.0000010 0.0000010 0.0000026 0.0000010 0.0000010 0.0000010 0.0000010 0.0000010 0.0000010 0.0000010 0.0000010 0.0000010 0.0110330 0.0028766 0.0164804 0.0188131 0.0260733 0.0196002 0.0180059 0.0286136 0.0408889 0.0188204 0.0235888 0.0236138 0.0179981 0.0187586 0.0027072 0.0023533 0.0021594 0.0029435 0.0000010 0.0021561 0.0163965 0.0022363 0.0007134 0.0101566 0.0028398 0.0076136 0.0096945 0.0106686 0.0106686 0.0068450 0.0106977 0.0009601 0.0106719 0.0107228 0.0000024 0.0091879 0.0107485 0.0035313 0.0000024 0.0000021 0.0018942 0.0096768 0.0103436 0.0056582 0.0084088 0.0030250 0.0107862 0.0132421 0.0028545 0.0116842 0.0101666 0.0109612 0.0022146 0.0077047 0.0100253 0.0000010 0.0106604 0.0102649 0.0097457 0.0000025 0.0113479 0.0099502 0.0114492 0.0106800 0.0107890 0.0106428 0.0105749 0.0028368 0.0010402 0.0000010 0.0023422 0.0007365 0.0096140 0.0022449 0.0007670 0.0107862 0.0113459 0.0099145 0.0098482 0.0100389 0.0093899 0.0102605 0.0098617 0.0092430 0.0096768 0.0100444 0.0102985 0.0100444 0.0099866 0.0122093 0.0009116 0.0094456 0.0096374 0.0123955 0.0022583 0.0096802 0.0095908 0.0096295 0.0103887 0.0144295 0.0095716 0.0109773 0.0014373 0.0000010 0.0095051 0.0095051 0.0095354 0.0023709 0.0000010 0.0000021 0.0007674 0.0155564 0.0136218 0.0103788 0.0192994 0.0102063 0.0102269 0.0092978 0.0135488 0.0148243 0.0107027 0.0031770 0.0122667 0.0095837 0.0106806 0.0104402 0.0105267 0.0100159 
