195
Hadz_566_6_F.Nem_0425_4_2_R_ASV_1               0.0000000 0.0405105 0.0616425 0.0476900 0.0204023 0.0502890 0.0204677 0.0204023 0.0205584 0.0150766 0.0256764 0.0144819 0.0205175 0.0144819 0.0144819 0.0233321 0.0204023 0.0174078 0.0174078 0.0174763 0.0204023 0.0175788 0.0265507 0.0100807 0.0204023 0.0205001 0.0144506 0.0235350 0.0204023 0.0234067 0.0000010 0.0299149 0.0175027 0.0470228 0.0084905 0.0304276 0.0402092 0.0431067 0.0399728 0.0204023 0.0237678 0.0175027 0.0398719 0.0398719 0.0263866 0.0207168 0.0268618 0.0438177 0.0434767 0.0234067 0.0204023 0.0204023 0.0204023 0.0238908 0.0204023 0.0204023 0.0204023 0.0207278 0.0204023 0.0204023 0.0204023 0.0180142 0.0204023 0.0204023 0.0204023 0.0204023 0.0000010 0.0000010 0.0174078 0.0539594 0.0369727 0.0471607 0.0337610 0.0369727 0.0779340 0.0909752 0.0369727 0.0437790 0.0441598 0.0337610 0.0334977 0.0175027 0.0175027 0.0174078 0.0175027 0.0204023 0.0174078 0.0398719 0.0174078 0.0234067 0.0000010 0.0174078 0.0027579 0.0027579 0.0000010 0.0000010 0.0027579 0.0055659 0.0234067 0.0000010 0.0055778 0.0204677 0.0000026 0.0000010 0.0174078 0.0204677 0.0204677 0.0264991 0.0027579 0.0000010 0.0056365 0.0027664 0.0174078 0.0000010 0.0000010 0.0174078 0.0000010 0.0000010 0.0000010 0.0174078 0.0027664 0.0000010 0.0204023 0.0000010 0.0000010 0.0000010 0.0205336 0.0000010 0.0000010 0.0000010 0.0000010 0.0000010 0.0000010 0.0000010 0.0174078 0.0204677 0.0250387 0.0174078 0.0234067 0.0000010 0.0234819 0.0234067 0.0000010 0.0000010 0.0000010 0.0000010 0.0000010 0.0027579 0.0027579 0.0000010 0.0027579 0.0027579 0.0000010 0.0027579 0.0000010 0.0000010 0.0000010 0.0234067 0.0028647 0.0000010 0.0027579 0.0176457 0.0000010 0.0000010 0.0000010 0.0027704 0.0000010 0.0000010 0.0000010 0.0268723 0.0204023 0.0000010 0.0000010 0.0000010 0.0234067 0.0204023 0.0204677 0.0234067 0.0040428 0.0085281 0.0027579 0.0000010 0.0027579 0.0000010 0.0000010 0.0000010 0.0000010 0.0000010 0.0174078 0.0027579 0.0000010 0.0000010 0.0000010 0.0027579 0.0000010 
JQ993669_Isospora_sp._ex_Talpa_europaea         0.0405105 0.0000000 0.0067578 0.0135602 0.0242960 0.0253846 0.0243767 0.0244113 0.0368123 0.0237328 0.0277196 0.0216561 0.0326470 0.0216561 0.0223351 0.0248051 0.0243533 0.0330069 0.0234870 0.0235361 0.0244113 0.0225972 0.0252625 0.0209688 0.0243533 0.0261239 0.0234363 0.0261705 0.0261416 0.0254232 0.0261036 0.0224947 0.0234859 0.0296557 0.0359349 0.0587391 0.0224689 0.0242669 0.0252130 0.0242960 0.0245387 0.0252256 0.0225501 0.0224811 0.0233943 0.0234002 0.0224843 0.0208182 0.0252674 0.0237790 0.0243533 0.0286264 0.0243709 0.0270775 0.0275097 0.0244113 0.0243533 0.0235629 0.0243533 0.0253209 0.0243709 0.0232973 0.0246863 0.0245990 0.0244113 0.0244113 0.0196962 0.0280605 0.0285471 0.0233105 0.0216413 0.0272191 0.0207681 0.0215927 0.0319698 0.0451230 0.0216501 0.0262060 0.0262485 0.0206967 0.0215719 0.0232069 0.0235157 0.0234700 0.0234363 0.0344674 0.0234482 0.0345970 0.0238935 0.0251903 0.0256124 0.0242662 0.0274159 0.0285365 0.0274835 0.0274835 0.0245518 0.0296235 0.0266906 0.0274609 0.0296953 0.0253635 0.0264742 0.0276457 0.0234916 0.0253635 0.0250287 0.0274529 0.0285130 0.0264284 0.0224534 0.0264224 0.0244334 0.0274282 0.0275583 0.0244015 0.0285799 0.0269629 0.0274905 0.0240789 0.0277610 0.0272511 0.0253331 0.0274609 0.0270266 0.0267523 0.0260634 0.0259835 0.0264479 0.0282634 0.0274835 0.0265934 0.0267264 0.0264807 0.0242662 0.0290959 0.0281946 0.0236854 0.0260517 0.0263486 0.0265846 0.0239543 0.0274282 0.0279981 0.0268955 0.0266860 0.0262979 0.0279174 0.0285165 0.0270266 0.0281906 0.0285130 0.0270266 0.0276501 0.0270266 0.0264284 0.0270402 0.0254232 0.0262917 0.0256273 0.0365480 0.0236210 0.0264744 0.0262739 0.0263990 0.0293803 0.0324849 0.0262111 0.0283761 0.0263564 0.0244572 0.0261926 0.0261926 0.0262739 0.0274135 0.0235650 0.0236681 0.0245609 0.0274735 0.0338104 0.0279842 0.0243997 0.0266549 0.0255352 0.0280803 0.0297537 0.0245897 0.0274236 0.0210694 0.0328119 0.0247521 0.0254499 0.0256124 0.0284743 0.0259633 
JQ993670_Isospora_sp._ex_Talpa_europaea         0.0616425 0.0067578 0.0000000 0.0138377 0.0323707 0.0365267 0.0324127 0.0324774 0.0739218 0.0299306 0.0337590 0.0299306 0.0445569 0.0299306 0.0299306 0.0332487 0.0323707 0.0574521 0.0311774 0.0312685 0.0324774 0.0312703 0.0337332 0.0210235 0.0323707 0.0349420 0.0311847 0.0350263 0.0349382 0.0353590 0.0366467 0.0351338 0.0312756 0.0457963 0.0392477 0.0420474 0.0338617 0.0363691 0.0364052 0.0323707 0.0354365 0.0336842 0.0351401 0.0351044 0.0336386 0.0337982 0.0337232 0.0327110 0.0377652 0.0329840 0.0323707 0.0323707 0.0324033 0.0338349 0.0402565 0.0324774 0.0323707 0.0313158 0.0323707 0.0324774 0.0324033 0.0247072 0.0329840 0.0332149 0.0324774 0.0324774 0.0197447 0.0364610 0.0447173 0.0349694 0.0300810 0.0340206 0.0288633 0.0325941 0.0448171 0.0519378 0.0300810 0.0378690 0.0366031 0.0313488 0.0312437 0.0320056 0.0316438 0.0311460 0.0311847 0.0484073 0.0311156 0.0592755 0.0319260 0.0336196 0.0348946 0.0341517 0.0393704 0.0407992 0.0392157 0.0392157 0.0365324 0.0424527 0.0373165 0.0391673 0.0407992 0.0358155 0.0333841 0.0392657 0.0319060 0.0358155 0.0336204 0.0388806 0.0407487 0.0359960 0.0316850 0.0346930 0.0329356 0.0374515 0.0393725 0.0341928 0.0408888 0.0348946 0.0375731 0.0322713 0.0395810 0.0371119 0.0341933 0.0391673 0.0366847 0.0361628 0.0369298 0.0356137 0.0360339 0.0396160 0.0392157 0.0395666 0.0361141 0.0365867 0.0341517 0.0373446 0.0338841 0.0319658 0.0351101 0.0354055 0.0346924 0.0324784 0.0374515 0.0353702 0.0364338 0.0360381 0.0357464 0.0379296 0.0390817 0.0366847 0.0384520 0.0407487 0.0366847 0.0411645 0.0366847 0.0359960 0.0371827 0.0353590 0.0356661 0.0356037 0.0496108 0.0301595 0.0356396 0.0352666 0.0354995 0.0413895 0.0443708 0.0351494 0.0445949 0.0352220 0.0325093 0.0351146 0.0351146 0.0352666 0.0382542 0.0322017 0.0324010 0.0336481 0.0772739 0.0377021 0.0390561 0.0633014 0.0369329 0.0352334 0.0361395 0.0415208 0.0647196 0.0390894 0.0297746 0.0393966 0.0377884 0.0350643 0.0348946 0.0406676 0.0406845 
JQ993671_Isospora_sp._ex_Talpa_europaea         0.0476900 0.0135602 0.0138377 0.0000000 0.0361172 0.0353310 0.0364922 0.0365403 0.0513509 0.0286505 0.0328029 0.0349156 0.0400284 0.0348214 0.0280568 0.0368725 0.0362105 0.0473559 0.0356741 0.0357423 0.0364393 0.0361044 0.0366583 0.0270789 0.0364610 0.0382843 0.0348498 0.0381981 0.0372916 0.0348037 0.0394342 0.0317731 0.0341036 0.0388614 0.0463007 0.0663358 0.0299745 0.0333373 0.0341831 0.0367339 0.0377241 0.0376013 0.0322625 0.0321724 0.0391230 0.0368529 0.0349484 0.0314354 0.0366003 0.0369467 0.0353189 0.0334817 0.0364853 0.0320331 0.0334554 0.0365403 0.0364610 0.0355006 0.0358148 0.0332261 0.0358871 0.0261451 0.0362725 0.0372046 0.0365403 0.0366755 0.0254090 0.0391950 0.0431195 0.0353070 0.0284418 0.0367090 0.0276849 0.0283871 0.0400453 0.0534771 0.0284519 0.0324357 0.0332682 0.0276028 0.0291927 0.0322723 0.0351048 0.0356504 0.0369407 0.0440045 0.0355596 0.0415839 0.0370437 0.0364308 0.0389850 0.0328391 0.0389997 0.0397535 0.0386159 0.0386159 0.0369719 0.0409284 0.0345396 0.0386264 0.0410303 0.0339820 0.0382251 0.0389270 0.0324696 0.0339442 0.0379232 0.0361521 0.0396748 0.0376220 0.0347077 0.0390735 0.0375220 0.0401767 0.0419349 0.0330253 0.0398139 0.0378006 0.0408845 0.0366534 0.0395067 0.0403497 0.0377911 0.0385829 0.0382837 0.0391301 0.0355175 0.0373450 0.0390730 0.0404821 0.0386594 0.0390748 0.0405461 0.0389945 0.0328026 0.0377208 0.0338515 0.0349283 0.0383643 0.0385580 0.0395271 0.0373007 0.0401767 0.0363909 0.0398632 0.0395766 0.0394491 0.0388427 0.0412022 0.0396409 0.0412318 0.0396748 0.0394613 0.0421486 0.0394613 0.0392250 0.0404180 0.0348037 0.0385361 0.0378093 0.0482884 0.0344870 0.0388444 0.0384585 0.0386251 0.0416496 0.0445901 0.0383742 0.0396649 0.0372274 0.0363191 0.0380509 0.0380509 0.0381842 0.0408466 0.0366806 0.0368216 0.0375867 0.0490192 0.0412188 0.0410431 0.0456384 0.0394246 0.0386423 0.0390566 0.0425480 0.0425508 0.0387469 0.0326327 0.0434878 0.0383041 0.0370116 0.0370260 0.0396854 0.0401737 
JQ993665_Eimeria_nafuko                         0.0204023 0.0242960 0.0323707 0.0361172 0.0000000 0.0176850 0.0007357 0.0007365 0.0050828 0.0042742 0.0054170 0.0044587 0.0000010 0.0044587 0.0040353 0.0007472 0.0007351 0.0035155 0.0029529 0.0007371 0.0007365 0.0052203 0.0062234 0.0013374 0.0007351 0.0021927 0.0021919 0.0021949 0.0029271 0.0009115 0.0108363 0.0151041 0.0044060 0.0220623 0.0184118 0.0270981 0.0198780 0.0174440 0.0174453 0.0007283 0.0067629 0.0051420 0.0152529 0.0152120 0.0082247 0.0074226 0.0112452 0.0137200 0.0174785 0.0007442 0.0000010 0.0030882 0.0007355 0.0010533 0.0012818 0.0007365 0.0007351 0.0007381 0.0000010 0.0000010 0.0000010 0.0000010 0.0000010 0.0007665 0.0007365 0.0007365 0.0000010 0.0120170 0.0039984 0.0167692 0.0191418 0.0265191 0.0199426 0.0183221 0.0290988 0.0424969 0.0191487 0.0239948 0.0231906 0.0183141 0.0190874 0.0027065 0.0023529 0.0029511 0.0036659 0.0000010 0.0029487 0.0163681 0.0029964 0.0014579 0.0110478 0.0028393 0.0076059 0.0096835 0.0106560 0.0106560 0.0068391 0.0106843 0.0009600 0.0106593 0.0107089 0.0000024 0.0102003 0.0107358 0.0035303 0.0000024 0.0007523 0.0018941 0.0096658 0.0103317 0.0056549 0.0093997 0.0038275 0.0118011 0.0132217 0.0028540 0.0116686 0.0101540 0.0118238 0.0030161 0.0076973 0.0109212 0.0007600 0.0106479 0.0102522 0.0107484 0.0000025 0.0113330 0.0109891 0.0114349 0.0106674 0.0107752 0.0107395 0.0105620 0.0028363 0.0010401 0.0000010 0.0023419 0.0015109 0.0106086 0.0030912 0.0015534 0.0118011 0.0113313 0.0107980 0.0107261 0.0109349 0.0093795 0.0110474 0.0108430 0.0101291 0.0096658 0.0108430 0.0113006 0.0108430 0.0109822 0.0121901 0.0009115 0.0094342 0.0106773 0.0123742 0.0022580 0.0106525 0.0105824 0.0106261 0.0103761 0.0155180 0.0105606 0.0123569 0.0022244 0.0007377 0.0105543 0.0105543 0.0105824 0.0032704 0.0007918 0.0007948 0.0015866 0.0155245 0.0136009 0.0115565 0.0205117 0.0101942 0.0113825 0.0092872 0.0148252 0.0173759 0.0106900 0.0031761 0.0122481 0.0095729 0.0106669 0.0104280 0.0105139 0.0100042 
JQ993659_Eimeria_alorani                        0.0502890 0.0253846 0.0365267 0.0353310 0.0176850 0.0000000 0.0166872 0.0166733 0.0291092 0.0154432 0.0156161 0.0174762 0.0223481 0.0176699 0.0156447 0.0169110 0.0166733 0.0248158 0.0159069 0.0159364 0.0166733 0.0198684 0.0212024 0.0067490 0.0166733 0.0182576 0.0182497 0.0182754 0.0190398 0.0170428 0.0214107 0.0066609 0.0198924 0.0098304 0.0291082 0.0457047 0.0111985 0.0029305 0.0044052 0.0174858 0.0182994 0.0198366 0.0021920 0.0021920 0.0222102 0.0190564 0.0089469 0.0097924 0.0044135 0.0168402 0.0172668 0.0171125 0.0166733 0.0152872 0.0173192 0.0166733 0.0166733 0.0167419 0.0170456 0.0158278 0.0170993 0.0087201 0.0172234 0.0165304 0.0166733 0.0166733 0.0063702 0.0223301 0.0205725 0.0151120 0.0112495 0.0207477 0.0120204 0.0119895 0.0223832 0.0343748 0.0112534 0.0159210 0.0151429 0.0119844 0.0112179 0.0168166 0.0179610 0.0159069 0.0184287 0.0235503 0.0159071 0.0059829 0.0162663 0.0174479 0.0208134 0.0156643 0.0224711 0.0229442 0.0239508 0.0239508 0.0201366 0.0240155 0.0179825 0.0239575 0.0240726 0.0166995 0.0198220 0.0241354 0.0154866 0.0166815 0.0170650 0.0187193 0.0229008 0.0212035 0.0205148 0.0189967 0.0164695 0.0214646 0.0253924 0.0157486 0.0250438 0.0227952 0.0216576 0.0162220 0.0227496 0.0213822 0.0172085 0.0239315 0.0219039 0.0209947 0.0179614 0.0224378 0.0206241 0.0257555 0.0239769 0.0242255 0.0218472 0.0245708 0.0156474 0.0195542 0.0122421 0.0162128 0.0178796 0.0207176 0.0190480 0.0175918 0.0214646 0.0222245 0.0211381 0.0209947 0.0205666 0.0208981 0.0210309 0.0211820 0.0205658 0.0229008 0.0214244 0.0220362 0.0214244 0.0206109 0.0260972 0.0170428 0.0238111 0.0200571 0.0300601 0.0164309 0.0208041 0.0206661 0.0207522 0.0246361 0.0259309 0.0206789 0.0240610 0.0174871 0.0166904 0.0206661 0.0206661 0.0206789 0.0201818 0.0170891 0.0171539 0.0179372 0.0413219 0.0268328 0.0216974 0.0368127 0.0218314 0.0213686 0.0252698 0.0249775 0.0319760 0.0240290 0.0155798 0.0264602 0.0227120 0.0219106 0.0214068 0.0225363 0.0237685 
KU174470_Eimeria_apionodes                      0.0204677 0.0243767 0.0324127 0.0364922 0.0007357 0.0166872 0.0000000 0.0000020 0.0036592 0.0042792 0.0054234 0.0036270 0.0000028 0.0037061 0.0040397 0.0000021 0.0000020 0.0035209 0.0021621 0.0000020 0.0000020 0.0058740 0.0062291 0.0013374 0.0000020 0.0021634 0.0028856 0.0014418 0.0021634 0.0009124 0.0100363 0.0141351 0.0043546 0.0207387 0.0173780 0.0258907 0.0188259 0.0164361 0.0164374 0.0007199 0.0058713 0.0043426 0.0141364 0.0141277 0.0080367 0.0065823 0.0118564 0.0127890 0.0180245 0.0000020 0.0000021 0.0030924 0.0000020 0.0010545 0.0012835 0.0000020 0.0000020 0.0000020 0.0000021 0.0000022 0.0000021 0.0000010 0.0000021 0.0000021 0.0000020 0.0000020 0.0000010 0.0110995 0.0029027 0.0165685 0.0189119 0.0261954 0.0197027 0.0181026 0.0287407 0.0401017 0.0189187 0.0237039 0.0229097 0.0180948 0.0188588 0.0027092 0.0023545 0.0021608 0.0029448 0.0000028 0.0021609 0.0164049 0.0022378 0.0007184 0.0101537 0.0028423 0.0076150 0.0096941 0.0106677 0.0106677 0.0068469 0.0106959 0.0009610 0.0106709 0.0107206 0.0000024 0.0091868 0.0107476 0.0035338 0.0000024 0.0000021 0.0009469 0.0096763 0.0103405 0.0056610 0.0084071 0.0030269 0.0107819 0.0132350 0.0028570 0.0116814 0.0101651 0.0109567 0.0022162 0.0077068 0.0100234 0.0000021 0.0106595 0.0102619 0.0097439 0.0000025 0.0113430 0.0099484 0.0114483 0.0106791 0.0107875 0.0106395 0.0105727 0.0028392 0.0010413 0.0000010 0.0023435 0.0007371 0.0096117 0.0022609 0.0007677 0.0107819 0.0113442 0.0099118 0.0098463 0.0100361 0.0093875 0.0102576 0.0098597 0.0092414 0.0096763 0.0100424 0.0102963 0.0100424 0.0099839 0.0122026 0.0009124 0.0094453 0.0096722 0.0123928 0.0022599 0.0096779 0.0095886 0.0096272 0.0103873 0.0144182 0.0095694 0.0110614 0.0014474 0.0000020 0.0095638 0.0095638 0.0095886 0.0023886 0.0000021 0.0000021 0.0007731 0.0155569 0.0136194 0.0104480 0.0195461 0.0102039 0.0102949 0.0092991 0.0136338 0.0150166 0.0107018 0.0031790 0.0122631 0.0095831 0.0106775 0.0104371 0.0105243 0.0100154 
KU174461_Eimeria_apionodes                      0.0204023 0.0244113 0.0324774 0.0365403 0.0007365 0.0166733 0.0000020 0.0000000 0.0036542 0.0042829 0.0054330 0.0036290 0.0000010 0.0037082 0.0040431 0.0000010 0.0000010 0.0035155 0.0021634 0.0000026 0.0000010 0.0058774 0.0062384 0.0013374 0.0000010 0.0021658 0.0028895 0.0014437 0.0021659 0.0009115 0.0100272 0.0141514 0.0043601 0.0207214 0.0173994 0.0259241 0.0188491 0.0164561 0.0164574 0.0007207 0.0058665 0.0043483 0.0141440 0.0141440 0.0080460 0.0065900 0.0118703 0.0128047 0.0180466 0.0000010 0.0000010 0.0030970 0.0000010 0.0010533 0.0012818 0.0000010 0.0000010 0.0000026 0.0000010 0.0000010 0.0000010 0.0000010 0.0000010 0.0000010 0.0000010 0.0000010 0.0000010 0.0111124 0.0029002 0.0165888 0.0189353 0.0262287 0.0197272 0.0181249 0.0287779 0.0410806 0.0189421 0.0237337 0.0229385 0.0181171 0.0188820 0.0027065 0.0023529 0.0021634 0.0029486 0.0000010 0.0021634 0.0163681 0.0022360 0.0007192 0.0101443 0.0028393 0.0076059 0.0096835 0.0106560 0.0106560 0.0068391 0.0106843 0.0009600 0.0106593 0.0107089 0.0000024 0.0091790 0.0107358 0.0035303 0.0000024 0.0000021 0.0018941 0.0096658 0.0103317 0.0056549 0.0084001 0.0030243 0.0107720 0.0132217 0.0028540 0.0116686 0.0101540 0.0109466 0.0022143 0.0076973 0.0100144 0.0000010 0.0106479 0.0102522 0.0097353 0.0000025 0.0113330 0.0099395 0.0114349 0.0106674 0.0107752 0.0106300 0.0105620 0.0028363 0.0010401 0.0000010 0.0023419 0.0007365 0.0096037 0.0022590 0.0007670 0.0107720 0.0113313 0.0099028 0.0098376 0.0100268 0.0093795 0.0102481 0.0098510 0.0092332 0.0096658 0.0100334 0.0102863 0.0100334 0.0099748 0.0121901 0.0009115 0.0094342 0.0096643 0.0123742 0.0022580 0.0096698 0.0095806 0.0096192 0.0103761 0.0144057 0.0095806 0.0110500 0.0014463 0.0000010 0.0095749 0.0095749 0.0095806 0.0023865 0.0000010 0.0000021 0.0007725 0.0155245 0.0136009 0.0104386 0.0195138 0.0101942 0.0102856 0.0092872 0.0136212 0.0149918 0.0106900 0.0031761 0.0122481 0.0095729 0.0106669 0.0104280 0.0105139 0.0100042 
KU174464_Eimeria_apionodes                      0.0205584 0.0368123 0.0739218 0.0513509 0.0050828 0.0291092 0.0036592 0.0036542 0.0000000 0.0164625 0.0199560 0.0086590 0.0056503 0.0089862 0.0142896 0.0036542 0.0036542 0.0067059 0.0061116 0.0000021 0.0036542 0.0126287 0.0162713 0.0129825 0.0036542 0.0061295 0.0061116 0.0048912 0.0048862 0.0060779 0.0156725 0.0203352 0.0098861 0.0285696 0.0275196 0.0446851 0.0272846 0.0284844 0.0271503 0.0048973 0.0112348 0.0073795 0.0244023 0.0244023 0.0150159 0.0112347 0.0231131 0.0234707 0.0299987 0.0036591 0.0039450 0.0150901 0.0036542 0.0105688 0.0070002 0.0036542 0.0036542 0.0036787 0.0038611 0.0049055 0.0038813 0.0076531 0.0038679 0.0036577 0.0036542 0.0036748 0.0087254 0.0164476 0.0061116 0.0302217 0.0302335 0.0418887 0.0316086 0.0287757 0.0481244 0.0629494 0.0302522 0.0301798 0.0332265 0.0287443 0.0273753 0.0075736 0.0066641 0.0061116 0.0076222 0.0053527 0.0061177 0.0242882 0.0063223 0.0048800 0.0154751 0.0076280 0.0155488 0.0140840 0.0156585 0.0156585 0.0141801 0.0157452 0.0062494 0.0156855 0.0157842 0.0045650 0.0138437 0.0158281 0.0076566 0.0045573 0.0037400 0.0076436 0.0140598 0.0161125 0.0118782 0.0138472 0.0062470 0.0151968 0.0188281 0.0076826 0.0156855 0.0173212 0.0155737 0.0061525 0.0157867 0.0154368 0.0036542 0.0156585 0.0162593 0.0151136 0.0049605 0.0160779 0.0150927 0.0173873 0.0156855 0.0157927 0.0167834 0.0149823 0.0076151 0.0053527 0.0092804 0.0065264 0.0048800 0.0150927 0.0073910 0.0049879 0.0151968 0.0243079 0.0154368 0.0154368 0.0154368 0.0147075 0.0143990 0.0151968 0.0141227 0.0140598 0.0156725 0.0141227 0.0156725 0.0151968 0.0165491 0.0060779 0.0193560 0.0151662 0.0190761 0.0065782 0.0151653 0.0150927 0.0150927 0.0156001 0.0152076 0.0150927 0.0150927 0.0061509 0.0036603 0.0150927 0.0150927 0.0150927 0.0048800 0.0036542 0.0036592 0.0048800 0.0156036 0.0277348 0.0138085 0.0195904 0.0154034 0.0150927 0.0202343 0.0150927 0.0150508 0.0157927 0.0079058 0.0208026 0.0170139 0.0160779 0.0161999 0.0147550 0.0170533 
KU174480_Eimeria_apionodes                      0.0150766 0.0237328 0.0299306 0.0286505 0.0042742 0.0154432 0.0042792 0.0042829 0.0164625 0.0000000 0.0054468 0.0000010 0.0063306 0.0000010 0.0000010 0.0043737 0.0042742 0.0063337 0.0032021 0.0032115 0.0042829 0.0010618 0.0042648 0.0000010 0.0042742 0.0064404 0.0032059 0.0064550 0.0064405 0.0062422 0.0089995 0.0131371 0.0032145 0.0217334 0.0132055 0.0121039 0.0177108 0.0142409 0.0142534 0.0042742 0.0043095 0.0053595 0.0131270 0.0131270 0.0042540 0.0042854 0.0064676 0.0132794 0.0154063 0.0043475 0.0042742 0.0042742 0.0042742 0.0053763 0.0069969 0.0042829 0.0042742 0.0042993 0.0042742 0.0042829 0.0042742 0.0024533 0.0043413 0.0045368 0.0042829 0.0042829 0.0012596 0.0097877 0.0051509 0.0165990 0.0143219 0.0189262 0.0132133 0.0143219 0.0273701 0.0375604 0.0143219 0.0236689 0.0200899 0.0132053 0.0154050 0.0036914 0.0033746 0.0032021 0.0032059 0.0070752 0.0031994 0.0235600 0.0032718 0.0053503 0.0092574 0.0039092 0.0085897 0.0119905 0.0106400 0.0106400 0.0080447 0.0133646 0.0065472 0.0106287 0.0133923 0.0052364 0.0080316 0.0106516 0.0047271 0.0052364 0.0044173 0.0078700 0.0119777 0.0091771 0.0039901 0.0091857 0.0045028 0.0103673 0.0106786 0.0039131 0.0120148 0.0092574 0.0103965 0.0033032 0.0086306 0.0091023 0.0044841 0.0106287 0.0090076 0.0088940 0.0053804 0.0106235 0.0091854 0.0107374 0.0106400 0.0107260 0.0088831 0.0108847 0.0039092 0.0065517 0.0048215 0.0034051 0.0055556 0.0087267 0.0057009 0.0057888 0.0103673 0.0087191 0.0089535 0.0088670 0.0091193 0.0101301 0.0116089 0.0090076 0.0102552 0.0119777 0.0090076 0.0120874 0.0090076 0.0091771 0.0118777 0.0062422 0.0082260 0.0087711 0.0130643 0.0032257 0.0087788 0.0086957 0.0087475 0.0121583 0.0158062 0.0086778 0.0107853 0.0064868 0.0042865 0.0086703 0.0086703 0.0086957 0.0087566 0.0047661 0.0047929 0.0059748 0.0279223 0.0111803 0.0124125 0.0213945 0.0109766 0.0096740 0.0068928 0.0147954 0.0217492 0.0106096 0.0034617 0.0116234 0.0071675 0.0096331 0.0092574 0.0119561 0.0076435 
KU174483_Eimeria_apionodes                      0.0256764 0.0277196 0.0337590 0.0328029 0.0054170 0.0156161 0.0054234 0.0054330 0.0199560 0.0054468 0.0000000 0.0054468 0.0080876 0.0054468 0.0054468 0.0055500 0.0054170 0.0086962 0.0043338 0.0043454 0.0054330 0.0065643 0.0076294 0.0040461 0.0054170 0.0076188 0.0043350 0.0076363 0.0076189 0.0076205 0.0126585 0.0144345 0.0021578 0.0232402 0.0156822 0.0110832 0.0214854 0.0155548 0.0155687 0.0054170 0.0077180 0.0043176 0.0144365 0.0144233 0.0098515 0.0076670 0.0076513 0.0169573 0.0167429 0.0055163 0.0054170 0.0054170 0.0054218 0.0065477 0.0085597 0.0054330 0.0054170 0.0054489 0.0054170 0.0054330 0.0054218 0.0036908 0.0055095 0.0057602 0.0054330 0.0054330 0.0025266 0.0133277 0.0070326 0.0203474 0.0180049 0.0227490 0.0168710 0.0180049 0.0314718 0.0420116 0.0180049 0.0276421 0.0239479 0.0168605 0.0191075 0.0024831 0.0022683 0.0043300 0.0021520 0.0090626 0.0043263 0.0267787 0.0044282 0.0065097 0.0130293 0.0053071 0.0132631 0.0164232 0.0150283 0.0150283 0.0123978 0.0178489 0.0079995 0.0150119 0.0164232 0.0066643 0.0117421 0.0150453 0.0060057 0.0066643 0.0056056 0.0093490 0.0164052 0.0129133 0.0081974 0.0129267 0.0057164 0.0141472 0.0150840 0.0053127 0.0164573 0.0130293 0.0141883 0.0044714 0.0133280 0.0128063 0.0056923 0.0150119 0.0126701 0.0125064 0.0068511 0.0145057 0.0129255 0.0151691 0.0150283 0.0151524 0.0124909 0.0148710 0.0053071 0.0080056 0.0060311 0.0046115 0.0067694 0.0122664 0.0069492 0.0070581 0.0141472 0.0122555 0.0125920 0.0124677 0.0128305 0.0138168 0.0154493 0.0126701 0.0139913 0.0164052 0.0126701 0.0165585 0.0126701 0.0129133 0.0158147 0.0076205 0.0126866 0.0123302 0.0185661 0.0043649 0.0123412 0.0122220 0.0122963 0.0166592 0.0196342 0.0121851 0.0158945 0.0076814 0.0054377 0.0121743 0.0121743 0.0122220 0.0101814 0.0060561 0.0060901 0.0072886 0.0404268 0.0152851 0.0165449 0.0323083 0.0149997 0.0136303 0.0113397 0.0189586 0.0328876 0.0149842 0.0046895 0.0159075 0.0118054 0.0135710 0.0130293 0.0163749 0.0126138 
KU174462_Eimeria_apionodes                      0.0144819 0.0216561 0.0299306 0.0349156 0.0044587 0.0174762 0.0036270 0.0036290 0.0086590 0.0000010 0.0054468 0.0000000 0.0063480 0.0000010 0.0000010 0.0036808 0.0036240 0.0047328 0.0028976 0.0029026 0.0036290 0.0021780 0.0035263 0.0000010 0.0036240 0.0058261 0.0036282 0.0050969 0.0058261 0.0055386 0.0076798 0.0149138 0.0051059 0.0207513 0.0150436 0.0301223 0.0180309 0.0172235 0.0172248 0.0043621 0.0036481 0.0050961 0.0149060 0.0149060 0.0043373 0.0028967 0.0126263 0.0120086 0.0188196 0.0036659 0.0037903 0.0072887 0.0036240 0.0053231 0.0064936 0.0036290 0.0036240 0.0036385 0.0037433 0.0042794 0.0037547 0.0024533 0.0037889 0.0037743 0.0036290 0.0036412 0.0012596 0.0088404 0.0038977 0.0157777 0.0181131 0.0245969 0.0173525 0.0173080 0.0278982 0.0401247 0.0181195 0.0228856 0.0220942 0.0157634 0.0180623 0.0036354 0.0031574 0.0028976 0.0037028 0.0066779 0.0028976 0.0207571 0.0029996 0.0043529 0.0077691 0.0038151 0.0064994 0.0086915 0.0077082 0.0077082 0.0058461 0.0096865 0.0058369 0.0077105 0.0097087 0.0047845 0.0068546 0.0077656 0.0044448 0.0047794 0.0037547 0.0067175 0.0086756 0.0079112 0.0028126 0.0076199 0.0038038 0.0084272 0.0105258 0.0038350 0.0087043 0.0073469 0.0085632 0.0029704 0.0065768 0.0076700 0.0037429 0.0077023 0.0078515 0.0074572 0.0051367 0.0088634 0.0076129 0.0082685 0.0077164 0.0077943 0.0083165 0.0078827 0.0038110 0.0063316 0.0048215 0.0031425 0.0044648 0.0073566 0.0060875 0.0046516 0.0084272 0.0081929 0.0075849 0.0075352 0.0076795 0.0085781 0.0094387 0.0075453 0.0084453 0.0086756 0.0076845 0.0094062 0.0076845 0.0076399 0.0095316 0.0055386 0.0062531 0.0074028 0.0109566 0.0030293 0.0074070 0.0073390 0.0073684 0.0093112 0.0120797 0.0073288 0.0082448 0.0051139 0.0036347 0.0073245 0.0073245 0.0073390 0.0064348 0.0038968 0.0039112 0.0046850 0.0135096 0.0136135 0.0096137 0.0148832 0.0093223 0.0078769 0.0057667 0.0111674 0.0104047 0.0077327 0.0039960 0.0110996 0.0066652 0.0081680 0.0079848 0.0096139 0.0069639 
KU174463_Eimeria_apionodes                      0.0205175 0.0326470 0.0445569 0.0400284 0.0000010 0.0223481 0.0000028 0.0000010 0.0056503 0.0063306 0.0080876 0.0063480 0.0000000 0.0063480 0.0058203 0.0000010 0.0000010 0.0047195 0.0037664 0.0000024 0.0000010 0.0076554 0.0076480 0.0020105 0.0000010 0.0025087 0.0037716 0.0025154 0.0025045 0.0012498 0.0102659 0.0141615 0.0037781 0.0224007 0.0156770 0.0215768 0.0210640 0.0195481 0.0209068 0.0000010 0.0089575 0.0050368 0.0182157 0.0182157 0.0114993 0.0102926 0.0129138 0.0184534 0.0210264 0.0000010 0.0000010 0.0045010 0.0000010 0.0015451 0.0014417 0.0000010 0.0000010 0.0000024 0.0000010 0.0000010 0.0000010 0.0000010 0.0000010 0.0000010 0.0000010 0.0000010 0.0000010 0.0129630 0.0040301 0.0225083 0.0197158 0.0280682 0.0210933 0.0183919 0.0341467 0.0418955 0.0197158 0.0224848 0.0239357 0.0197223 0.0197083 0.0037716 0.0037716 0.0037664 0.0037716 0.0000010 0.0037666 0.0164328 0.0037627 0.0012498 0.0102659 0.0037627 0.0089654 0.0089654 0.0102659 0.0102659 0.0089654 0.0102873 0.0012516 0.0102659 0.0102973 0.0000028 0.0089765 0.0102803 0.0037666 0.0000028 0.0000028 0.0025056 0.0089654 0.0102659 0.0076403 0.0089784 0.0037627 0.0102659 0.0102659 0.0037718 0.0102659 0.0102659 0.0102768 0.0037627 0.0089784 0.0102659 0.0000010 0.0102659 0.0102659 0.0102659 0.0000028 0.0102659 0.0102659 0.0102659 0.0102659 0.0102659 0.0102659 0.0102659 0.0037627 0.0012520 0.0000010 0.0037627 0.0012498 0.0102765 0.0025130 0.0012498 0.0102659 0.0117862 0.0102659 0.0102659 0.0102659 0.0089654 0.0089654 0.0102659 0.0089654 0.0089654 0.0102659 0.0089654 0.0102659 0.0102659 0.0102659 0.0012498 0.0118066 0.0103498 0.0124070 0.0037851 0.0102945 0.0102659 0.0102765 0.0090065 0.0102952 0.0102765 0.0102659 0.0025213 0.0000010 0.0102659 0.0102659 0.0102765 0.0025110 0.0000010 0.0000028 0.0012498 0.0189286 0.0127391 0.0089654 0.0207406 0.0089654 0.0102659 0.0105055 0.0102659 0.0209472 0.0102659 0.0050416 0.0106954 0.0102659 0.0102659 0.0102659 0.0089654 0.0102659 
KU174468_Eimeria_apionodes                      0.0144819 0.0216561 0.0299306 0.0348214 0.0044587 0.0176699 0.0037061 0.0037082 0.0089862 0.0000010 0.0054468 0.0000010 0.0063480 0.0000000 0.0000010 0.0037623 0.0037030 0.0047328 0.0029607 0.0029660 0.0037082 0.0022126 0.0035263 0.0000010 0.0037030 0.0052034 0.0037074 0.0052086 0.0059537 0.0055386 0.0076798 0.0152482 0.0044623 0.0212307 0.0153839 0.0308394 0.0184381 0.0176112 0.0176126 0.0044575 0.0037251 0.0052077 0.0152400 0.0152400 0.0036917 0.0029574 0.0113518 0.0122670 0.0176464 0.0037468 0.0037903 0.0072887 0.0037030 0.0053231 0.0064936 0.0037082 0.0037030 0.0037181 0.0037433 0.0042794 0.0037547 0.0024533 0.0037889 0.0038601 0.0037082 0.0037082 0.0012596 0.0090363 0.0040128 0.0161340 0.0176961 0.0234666 0.0169209 0.0168765 0.0276657 0.0401375 0.0177025 0.0225580 0.0217514 0.0153031 0.0176455 0.0036354 0.0031574 0.0029607 0.0037126 0.0066779 0.0029608 0.0207571 0.0030045 0.0044479 0.0078287 0.0038151 0.0064994 0.0086915 0.0077082 0.0077082 0.0058461 0.0096865 0.0058369 0.0077105 0.0097087 0.0047845 0.0070057 0.0077656 0.0044448 0.0047794 0.0037881 0.0067175 0.0086756 0.0079112 0.0028126 0.0077880 0.0038381 0.0085850 0.0105258 0.0038350 0.0087043 0.0073469 0.0086013 0.0030243 0.0065768 0.0077395 0.0038272 0.0077023 0.0078515 0.0076181 0.0051367 0.0088634 0.0077874 0.0082685 0.0077164 0.0077943 0.0076117 0.0078827 0.0038110 0.0063316 0.0048215 0.0031425 0.0045648 0.0075194 0.0062270 0.0046942 0.0085850 0.0081929 0.0076529 0.0076023 0.0077492 0.0085781 0.0094387 0.0076845 0.0085219 0.0086756 0.0076845 0.0095013 0.0076845 0.0077826 0.0095316 0.0055386 0.0062531 0.0075677 0.0109566 0.0030293 0.0075504 0.0075010 0.0075318 0.0093112 0.0123178 0.0074903 0.0084733 0.0052263 0.0037142 0.0074859 0.0074859 0.0075010 0.0065908 0.0039883 0.0040034 0.0047952 0.0135096 0.0136135 0.0098458 0.0155648 0.0093223 0.0080638 0.0057667 0.0114357 0.0108807 0.0077327 0.0039960 0.0110996 0.0066652 0.0081680 0.0079848 0.0096139 0.0069639 
KU174479_Eimeria_apionodes                      0.0144819 0.0223351 0.0299306 0.0280568 0.0040353 0.0156447 0.0040397 0.0040431 0.0142896 0.0000010 0.0054468 0.0000010 0.0058203 0.0000010 0.0000000 0.0041239 0.0040353 0.0056704 0.0030234 0.0030317 0.0040431 0.0010028 0.0040270 0.0000010 0.0040353 0.0060789 0.0030267 0.0060920 0.0060790 0.0058384 0.0084716 0.0123860 0.0030344 0.0204566 0.0124467 0.0114085 0.0166879 0.0134262 0.0144901 0.0040353 0.0040659 0.0050591 0.0123770 0.0123770 0.0040173 0.0040453 0.0061031 0.0125124 0.0145212 0.0041006 0.0040353 0.0072887 0.0040353 0.0053231 0.0064936 0.0040431 0.0040353 0.0040577 0.0040353 0.0040431 0.0040353 0.0024533 0.0040951 0.0042686 0.0040431 0.0040431 0.0012596 0.0092316 0.0047036 0.0156404 0.0134982 0.0178272 0.0124537 0.0134982 0.0257450 0.0352711 0.0134982 0.0222787 0.0189207 0.0124467 0.0145201 0.0034559 0.0031766 0.0030234 0.0030267 0.0064438 0.0030210 0.0208404 0.0030854 0.0050509 0.0086997 0.0036460 0.0079586 0.0111664 0.0099099 0.0099099 0.0074886 0.0124434 0.0061044 0.0099001 0.0124675 0.0048824 0.0075517 0.0099200 0.0044366 0.0048824 0.0041626 0.0073442 0.0111554 0.0086288 0.0037163 0.0086367 0.0042385 0.0097455 0.0099434 0.0036494 0.0111875 0.0086997 0.0097713 0.0031133 0.0079933 0.0085627 0.0042220 0.0099001 0.0084787 0.0083780 0.0050073 0.0099715 0.0086362 0.0099944 0.0099099 0.0099845 0.0083683 0.0102013 0.0036460 0.0061085 0.0048215 0.0032036 0.0052335 0.0082294 0.0064565 0.0054399 0.0097455 0.0082227 0.0084308 0.0083540 0.0085776 0.0095356 0.0109075 0.0084787 0.0096463 0.0111554 0.0084787 0.0112505 0.0084787 0.0086288 0.0111445 0.0058384 0.0076455 0.0082689 0.0119807 0.0030443 0.0082757 0.0082019 0.0082479 0.0113119 0.0148759 0.0081859 0.0099373 0.0061203 0.0040463 0.0081793 0.0081793 0.0082019 0.0081892 0.0044710 0.0044945 0.0056039 0.0221912 0.0136135 0.0116140 0.0172890 0.0102820 0.0090667 0.0064038 0.0138497 0.0175197 0.0098835 0.0032538 0.0108474 0.0066402 0.0090308 0.0086997 0.0111366 0.0070468 
KU174449_Eimeria_apionodes                      0.0233321 0.0248051 0.0332487 0.0368725 0.0007472 0.0169110 0.0000021 0.0000010 0.0036542 0.0043737 0.0055500 0.0036808 0.0000010 0.0037623 0.0041239 0.0000000 0.0000010 0.0035155 0.0021928 0.0000026 0.0000010 0.0059622 0.0063417 0.0013374 0.0000010 0.0021965 0.0029171 0.0021899 0.0021841 0.0009115 0.0100272 0.0142740 0.0043969 0.0206656 0.0183167 0.0261582 0.0190130 0.0166978 0.0166991 0.0007309 0.0059271 0.0044102 0.0143516 0.0143516 0.0081549 0.0066848 0.0135527 0.0129162 0.0198445 0.0000010 0.0000010 0.0031609 0.0000010 0.0010752 0.0012818 0.0000010 0.0000010 0.0000026 0.0000010 0.0000010 0.0000010 0.0000010 0.0000010 0.0000010 0.0000010 0.0000010 0.0000010 0.0119562 0.0028783 0.0167332 0.0191007 0.0264612 0.0198997 0.0182828 0.0290348 0.0405229 0.0191076 0.0239428 0.0231404 0.0182748 0.0182673 0.0027065 0.0023529 0.0021928 0.0029914 0.0000010 0.0021893 0.0163681 0.0022374 0.0007252 0.0109261 0.0028393 0.0086940 0.0106535 0.0116265 0.0116265 0.0078173 0.0116573 0.0009600 0.0116300 0.0116841 0.0000024 0.0099453 0.0117135 0.0035303 0.0000024 0.0000021 0.0018941 0.0106339 0.0111279 0.0065984 0.0091650 0.0030243 0.0115429 0.0141051 0.0028540 0.0126428 0.0110798 0.0117301 0.0022143 0.0087986 0.0107862 0.0000010 0.0116175 0.0110423 0.0104856 0.0000025 0.0121441 0.0107055 0.0124763 0.0116389 0.0117564 0.0113908 0.0114438 0.0028363 0.0010401 0.0000010 0.0023419 0.0007365 0.0104621 0.0022457 0.0007670 0.0115429 0.0125725 0.0106660 0.0106024 0.0107995 0.0101625 0.0110379 0.0106103 0.0100040 0.0106339 0.0108067 0.0111451 0.0108067 0.0107436 0.0130626 0.0009115 0.0104841 0.0112425 0.0137522 0.0022900 0.0105027 0.0104559 0.0104621 0.0114155 0.0128684 0.0104621 0.0118863 0.0014575 0.0000010 0.0103946 0.0103946 0.0104070 0.0023716 0.0000010 0.0000021 0.0007678 0.0174707 0.0148405 0.0111723 0.0207742 0.0110452 0.0110096 0.0104502 0.0143337 0.0163027 0.0116636 0.0031761 0.0133640 0.0105318 0.0114900 0.0112316 0.0113917 0.0110064 
KU174450_Eimeria_apionodes                      0.0204023 0.0243533 0.0323707 0.0362105 0.0007351 0.0166733 0.0000020 0.0000010 0.0036542 0.0042742 0.0054170 0.0036240 0.0000010 0.0037030 0.0040353 0.0000010 0.0000000 0.0035155 0.0021604 0.0000026 0.0000010 0.0058692 0.0062234 0.0013374 0.0000010 0.0021616 0.0028708 0.0021539 0.0021482 0.0009115 0.0100272 0.0140320 0.0043243 0.0206525 0.0172502 0.0256930 0.0186880 0.0164227 0.0164239 0.0007193 0.0058665 0.0043397 0.0141239 0.0141153 0.0080300 0.0065769 0.0133234 0.0126955 0.0195041 0.0000010 0.0000010 0.0030882 0.0000010 0.0010533 0.0012818 0.0000010 0.0000010 0.0000025 0.0000010 0.0000010 0.0000010 0.0000010 0.0000010 0.0000010 0.0000010 0.0000010 0.0000010 0.0110192 0.0028761 0.0164461 0.0187727 0.0259990 0.0195575 0.0179698 0.0285237 0.0407046 0.0187794 0.0235276 0.0227395 0.0179621 0.0187204 0.0027065 0.0023529 0.0021591 0.0029427 0.0000010 0.0021558 0.0163681 0.0022360 0.0007134 0.0101443 0.0028393 0.0076059 0.0096835 0.0106560 0.0106560 0.0068391 0.0106843 0.0009600 0.0106593 0.0107089 0.0000024 0.0091790 0.0107358 0.0035303 0.0000024 0.0000021 0.0018941 0.0096658 0.0103317 0.0056549 0.0084001 0.0030243 0.0107720 0.0132217 0.0028540 0.0116686 0.0101540 0.0109466 0.0022143 0.0076973 0.0100144 0.0000010 0.0106479 0.0102522 0.0097353 0.0000025 0.0113330 0.0099395 0.0114349 0.0106674 0.0107752 0.0106300 0.0105620 0.0028363 0.0010401 0.0000010 0.0023419 0.0007365 0.0096037 0.0022443 0.0007670 0.0107720 0.0113313 0.0099028 0.0098376 0.0100268 0.0093795 0.0102481 0.0098510 0.0092332 0.0096658 0.0100334 0.0102863 0.0100334 0.0099748 0.0121901 0.0009115 0.0094342 0.0096272 0.0123742 0.0022580 0.0096698 0.0095806 0.0096192 0.0103761 0.0144057 0.0095614 0.0109623 0.0014373 0.0000010 0.0094952 0.0094952 0.0095253 0.0023701 0.0000010 0.0000021 0.0007673 0.0155245 0.0136009 0.0103662 0.0192618 0.0101942 0.0102154 0.0092872 0.0135270 0.0147987 0.0106900 0.0031761 0.0122481 0.0095729 0.0106669 0.0104280 0.0105139 0.0100042 
KU174465_Eimeria_apionodes                      0.0174078 0.0330069 0.0574521 0.0473559 0.0035155 0.0248158 0.0035209 0.0035155 0.0067059 0.0063337 0.0086962 0.0047328 0.0047195 0.0047328 0.0056704 0.0035155 0.0035155 0.0000000 0.0000010 0.0023489 0.0035155 0.0059526 0.0105973 0.0029778 0.0035155 0.0047088 0.0023446 0.0047059 0.0047000 0.0052438 0.0108219 0.0195283 0.0047059 0.0261543 0.0225124 0.0427689 0.0261795 0.0247656 0.0273383 0.0035155 0.0071535 0.0023446 0.0234244 0.0234244 0.0095554 0.0071628 0.0183623 0.0198865 0.0261357 0.0035200 0.0035155 0.0119439 0.0035155 0.0082780 0.0056255 0.0035155 0.0035155 0.0035381 0.0035155 0.0041878 0.0035155 0.0027420 0.0035155 0.0035188 0.0035155 0.0035155 0.0000010 0.0120930 0.0000010 0.0262900 0.0275944 0.0345920 0.0262997 0.0236381 0.0431518 0.0570605 0.0276107 0.0275474 0.0304225 0.0223366 0.0248859 0.0025994 0.0023446 0.0000010 0.0023446 0.0045096 0.0000010 0.0184623 0.0000010 0.0046956 0.0108219 0.0000010 0.0116792 0.0107358 0.0093641 0.0093641 0.0107986 0.0121418 0.0053710 0.0093779 0.0121676 0.0039376 0.0096121 0.0094507 0.0000010 0.0039319 0.0035209 0.0065892 0.0107200 0.0108219 0.0063895 0.0120585 0.0000010 0.0108219 0.0133518 0.0000010 0.0093779 0.0102005 0.0108326 0.0000010 0.0118296 0.0108219 0.0035155 0.0093641 0.0108219 0.0108219 0.0042284 0.0108219 0.0108219 0.0102334 0.0093779 0.0094327 0.0108219 0.0090156 0.0000010 0.0045101 0.0070092 0.0000010 0.0046956 0.0108219 0.0071090 0.0046956 0.0108219 0.0134509 0.0108219 0.0108219 0.0108219 0.0120429 0.0120429 0.0108219 0.0120429 0.0107200 0.0108219 0.0120429 0.0108219 0.0108219 0.0103408 0.0052438 0.0118150 0.0108718 0.0138405 0.0000025 0.0108219 0.0108219 0.0108219 0.0117113 0.0108507 0.0108219 0.0108219 0.0059169 0.0035212 0.0108219 0.0108219 0.0108219 0.0046956 0.0035155 0.0035209 0.0046956 0.0175080 0.0192824 0.0120429 0.0167111 0.0121907 0.0108219 0.0116047 0.0108219 0.0150970 0.0094327 0.0011712 0.0153357 0.0110534 0.0108219 0.0108219 0.0120429 0.0110754 
KU174467_Eimeria_apionodes                      0.0174078 0.0234870 0.0311774 0.0356741 0.0029529 0.0159069 0.0021621 0.0021634 0.0061116 0.0032021 0.0043338 0.0028976 0.0037664 0.0029607 0.0030234 0.0021928 0.0021604 0.0000010 0.0000000 0.0014419 0.0021634 0.0051327 0.0071307 0.0013388 0.0021604 0.0043407 0.0021629 0.0036172 0.0043414 0.0036624 0.0092507 0.0148989 0.0036264 0.0207302 0.0166091 0.0283439 0.0196054 0.0156775 0.0172076 0.0028893 0.0051304 0.0036165 0.0148911 0.0148911 0.0073004 0.0058464 0.0126137 0.0127941 0.0188008 0.0021852 0.0022589 0.0062151 0.0021604 0.0042351 0.0051614 0.0021634 0.0021592 0.0021690 0.0022311 0.0025483 0.0022379 0.0012219 0.0022581 0.0022494 0.0021621 0.0021706 0.0000010 0.0103513 0.0000010 0.0173449 0.0196950 0.0254069 0.0189312 0.0188824 0.0295587 0.0418898 0.0197020 0.0245020 0.0237057 0.0173282 0.0196396 0.0018031 0.0015676 0.0000010 0.0022071 0.0039598 0.0000010 0.0184623 0.0000010 0.0028833 0.0093586 0.0000010 0.0087119 0.0106731 0.0096806 0.0096806 0.0078317 0.0116788 0.0038581 0.0096836 0.0117057 0.0028461 0.0084092 0.0097531 0.0008798 0.0028431 0.0022378 0.0047580 0.0106535 0.0095314 0.0047092 0.0091783 0.0007540 0.0099970 0.0123327 0.0000010 0.0106889 0.0092249 0.0101590 0.0000010 0.0088170 0.0092388 0.0022308 0.0096732 0.0094582 0.0089815 0.0030537 0.0105173 0.0091698 0.0103878 0.0096910 0.0097890 0.0098653 0.0096758 0.0000010 0.0041819 0.0035945 0.0000010 0.0029569 0.0088497 0.0045349 0.0030798 0.0099970 0.0102933 0.0091359 0.0090758 0.0092503 0.0101776 0.0110544 0.0090882 0.0100186 0.0106535 0.0092564 0.0111632 0.0092564 0.0092024 0.0113125 0.0036624 0.0083799 0.0096791 0.0137882 0.0000021 0.0089157 0.0088336 0.0088640 0.0114380 0.0136401 0.0088161 0.0101225 0.0036292 0.0021667 0.0088161 0.0088161 0.0088284 0.0047918 0.0023219 0.0023304 0.0031017 0.0175080 0.0148755 0.0112602 0.0179712 0.0110630 0.0094889 0.0081194 0.0128127 0.0134612 0.0097115 0.0007918 0.0133924 0.0086096 0.0098407 0.0096192 0.0114106 0.0089973 
KU174474_Eimeria_apionodes                      0.0174763 0.0235361 0.0312685 0.0357423 0.0007371 0.0159364 0.0000020 0.0000026 0.0000021 0.0032115 0.0043454 0.0029026 0.0000024 0.0029660 0.0030317 0.0000026 0.0000026 0.0023489 0.0014419 0.0000000 0.0000026 0.0051420 0.0062445 0.0013399 0.0000026 0.0021674 0.0021668 0.0014447 0.0021676 0.0009140 0.0092682 0.0134055 0.0036330 0.0199807 0.0166408 0.0259463 0.0180930 0.0157062 0.0157074 0.0007213 0.0051397 0.0036231 0.0133985 0.0133985 0.0073137 0.0058570 0.0111273 0.0120500 0.0172925 0.0000026 0.0000026 0.0031011 0.0000026 0.0010566 0.0012865 0.0000026 0.0000026 0.0000026 0.0000026 0.0000028 0.0000026 0.0000021 0.0000026 0.0000026 0.0000026 0.0000026 0.0000022 0.0103706 0.0019367 0.0158329 0.0181758 0.0254545 0.0189662 0.0173677 0.0279972 0.0402713 0.0181823 0.0229656 0.0221714 0.0173602 0.0181246 0.0018070 0.0015707 0.0014419 0.0022111 0.0000024 0.0014419 0.0143726 0.0014923 0.0007198 0.0093771 0.0018959 0.0065309 0.0087298 0.0097040 0.0097040 0.0058725 0.0097297 0.0009628 0.0097069 0.0097521 0.0000024 0.0084252 0.0097767 0.0026517 0.0000024 0.0000021 0.0018995 0.0087132 0.0095501 0.0047203 0.0076464 0.0022711 0.0100165 0.0123598 0.0019057 0.0107147 0.0092466 0.0101791 0.0014781 0.0066104 0.0092558 0.0000026 0.0096965 0.0094773 0.0089977 0.0000025 0.0105383 0.0091876 0.0104147 0.0097144 0.0098123 0.0098842 0.0096966 0.0018938 0.0010434 0.0000024 0.0015634 0.0007381 0.0088759 0.0022641 0.0007688 0.0100165 0.0103194 0.0091536 0.0090927 0.0092675 0.0086095 0.0094732 0.0091053 0.0084753 0.0087132 0.0092740 0.0094432 0.0092740 0.0092203 0.0113373 0.0009140 0.0084015 0.0089323 0.0110256 0.0015069 0.0089374 0.0088550 0.0088904 0.0093550 0.0136659 0.0088426 0.0101455 0.0014496 0.0000026 0.0088375 0.0088375 0.0088550 0.0023922 0.0000027 0.0000021 0.0007743 0.0135796 0.0123909 0.0096491 0.0180077 0.0093586 0.0095077 0.0081427 0.0128378 0.0134886 0.0097350 0.0023853 0.0111561 0.0086301 0.0098612 0.0096392 0.0096526 0.0090189 
