196
Prot1702_32_F.wang1624CR6S_16_R_ASV_1           0.0000000 0.0088057 0.0285322 0.0245989 0.0297013 0.0113078 0.0162740 0.0118803 0.0120097 0.0000010 0.0119190 0.0118803 0.0119190 0.0000010 0.0119190 0.0119190 0.0130195 0.0118803 0.0000010 0.0119190 0.0119190 0.0120097 0.0119190 0.0159394 0.0150033 0.0118803 0.0108272 0.0108593 0.0097479 0.0058666 0.0253986 0.0000010 0.0185880 0.0088344 0.0225675 0.0000010 0.0128844 0.0200369 0.0146925 0.0147522 0.0109351 0.0164580 0.0147096 0.0160970 0.0158717 0.0118803 0.0072556 0.0097479 0.0144118 0.0164851 0.0126576 0.0118803 0.0118803 0.0119190 0.0120097 0.0000010 0.0120097 0.0118803 0.0118803 0.0118803 0.0120097 0.0119190 0.0123734 0.0126576 0.0151866 0.0120097 0.0120097 0.0119190 0.0000010 0.0000010 0.0141613 0.0246582 0.0246366 0.0187146 0.0327341 0.0157212 0.0623523 0.0221605 0.0268038 0.0458613 0.0265514 0.0216221 0.0232932 0.0146226 0.0118803 0.0113078 0.0000010 0.0118285 0.0000010 0.0129732 0.0088057 0.0000010 0.0367070 0.0000010 0.0000010 0.0000010 0.0000010 0.0000010 0.0000010 0.0370786 0.0000010 0.0000010 0.0370786 0.0000010 0.0000010 0.0249193 0.0370786 0.0134823 0.0370786 0.0000010 0.0000010 0.0000010 0.0048537 0.0197436 0.0049089 0.0000010 0.0370786 0.0118212 0.0000010 0.0049483 0.0134823 0.0000010 0.0000010 0.0144294 0.0000010 0.0000010 0.0000010 0.0000010 0.0054720 0.0000010 0.0000010 0.0000010 0.0000010 0.0000010 0.0061583 0.0367070 0.0367070 0.0153584 0.0153584 0.0138161 0.0000010 0.0153584 0.0165823 0.0049089 0.0000010 0.0000010 0.0000010 0.0000010 0.0000010 0.0050431 0.0000010 0.0000010 0.0000010 0.0000010 0.0000010 0.0000010 0.0000010 0.0112734 0.0253986 0.0000010 0.0000010 0.0000010 0.0120482 0.0000010 0.0000010 0.0000010 0.0000010 0.0268650 0.0000010 0.0000010 0.0120482 0.0120482 0.0000010 0.0000010 0.0000010 0.0332531 0.0193349 0.0197870 0.0194728 0.0000010 0.0000010 0.0070207 0.0000010 0.0000010 0.0000010 0.0000010 0.0272950 0.0000010 0.0000010 0.0165823 0.0000010 0.0000010 0.0000010 0.0000010 0.0000010 0.0000010 
Prot1702_32_F.wang1624CR6S_16_R_ASV_2           0.0088057 0.0000000 0.0158696 0.0119679 0.0181130 0.0000010 0.0039577 0.0000010 0.0000010 0.0000010 0.0000010 0.0000010 0.0000010 0.0000010 0.0000010 0.0000010 0.0000010 0.0000010 0.0000010 0.0000010 0.0000010 0.0000010 0.0000010 0.0038787 0.0000010 0.0000010 0.0000010 0.0000010 0.0000010 0.0000010 0.0000010 0.0137654 0.0146588 0.0000010 0.0269517 0.0091492 0.0095442 0.0164851 0.0035835 0.0035978 0.0000010 0.0040018 0.0035879 0.0039159 0.0038626 0.0000010 0.0035769 0.0000010 0.0035170 0.0064511 0.0000010 0.0000010 0.0000010 0.0000010 0.0000010 0.0000010 0.0000010 0.0000010 0.0000010 0.0000010 0.0000010 0.0000010 0.0000010 0.0000010 0.0000010 0.0000010 0.0000010 0.0000010 0.0091798 0.0000010 0.0034566 0.0150995 0.0213033 0.0091648 0.0224316 0.0124252 0.0579211 0.0124001 0.0231563 0.0420674 0.0229405 0.0183142 0.0000010 0.0000010 0.0000010 0.0000010 0.0000010 0.0000010 0.0000010 0.0000010 0.0000010 0.0155299 0.0000010 0.0000010 0.0370786 0.0370786 0.0370786 0.0000010 0.0367070 0.0000010 0.0367070 0.0370786 0.0000010 0.0150033 0.0374690 0.0059777 0.0000010 0.0000010 0.0000010 0.0367070 0.0149435 0.0000010 0.0098856 0.0047745 0.0202932 0.0383361 0.0000010 0.0511646 0.0155299 0.0204624 0.0000010 0.0000010 0.0144294 0.0000010 0.0367070 0.0138161 0.0131293 0.0000010 0.0227064 0.0150033 0.0404354 0.0370786 0.0399930 0.0130663 0.0256576 0.0000010 0.0000010 0.0000010 0.0000010 0.0000010 0.0121685 0.0000010 0.0000010 0.0202932 0.0121685 0.0134823 0.0129732 0.0145445 0.0137151 0.0208695 0.0138161 0.0144294 0.0367070 0.0138161 0.0399930 0.0138161 0.0149435 0.0292498 0.0000010 0.0000010 0.0123173 0.0000010 0.0000010 0.0123734 0.0120482 0.0122771 0.0404354 0.0414788 0.0118803 0.0000010 0.0000010 0.0000010 0.0118803 0.0118803 0.0120097 0.0078763 0.0000010 0.0000010 0.0000010 0.0000010 0.0221673 0.0294052 0.0000010 0.0199645 0.0192323 0.0000010 0.0498689 0.0000010 0.0361197 0.0000010 0.0286923 0.0000010 0.0188069 0.0155299 0.0361197 0.0000010 
JQ993669_Isospora_sp._ex_Talpa_europaea         0.0285322 0.0158696 0.0000000 0.0067581 0.0135627 0.0243032 0.0253928 0.0243839 0.0244185 0.0368313 0.0237392 0.0277280 0.0216622 0.0326596 0.0216622 0.0223408 0.0248126 0.0243605 0.0330202 0.0234939 0.0235431 0.0244185 0.0226040 0.0252703 0.0209744 0.0243605 0.0261315 0.0234436 0.0261791 0.0261493 0.0254306 0.0261121 0.0225013 0.0234933 0.0296666 0.0359532 0.0587929 0.0224752 0.0242739 0.0252206 0.0243032 0.0245461 0.0252335 0.0225566 0.0224876 0.0234009 0.0234071 0.0224906 0.0208234 0.0252757 0.0237861 0.0243605 0.0286347 0.0243781 0.0270852 0.0275179 0.0244185 0.0243605 0.0235700 0.0243605 0.0253286 0.0243781 0.0233031 0.0246936 0.0246062 0.0244185 0.0244185 0.0197009 0.0280704 0.0285577 0.0233165 0.0216480 0.0272292 0.0207745 0.0215987 0.0319830 0.0451507 0.0216569 0.0262149 0.0272065 0.0207026 0.0215779 0.0232141 0.0235228 0.0234769 0.0234436 0.0344813 0.0234551 0.0346093 0.0239008 0.0251978 0.0256199 0.0242737 0.0274252 0.0285459 0.0274926 0.0274926 0.0245597 0.0296338 0.0266990 0.0274700 0.0297058 0.0253713 0.0264826 0.0276550 0.0234987 0.0253713 0.0250364 0.0274613 0.0285224 0.0264368 0.0224602 0.0264308 0.0244409 0.0274374 0.0275676 0.0244090 0.0285900 0.0269710 0.0274997 0.0240862 0.0277706 0.0272602 0.0253409 0.0274700 0.0270354 0.0267610 0.0260721 0.0259919 0.0264563 0.0282733 0.0274926 0.0266025 0.0267350 0.0264895 0.0242737 0.0291051 0.0282022 0.0236923 0.0260596 0.0263570 0.0265928 0.0239609 0.0274374 0.0280065 0.0269043 0.0266947 0.0263061 0.0279265 0.0285261 0.0270354 0.0282000 0.0285224 0.0270354 0.0276595 0.0270354 0.0264368 0.0270495 0.0254306 0.0263015 0.0256355 0.0365650 0.0236281 0.0264829 0.0262822 0.0264074 0.0293906 0.0324980 0.0262194 0.0283876 0.0263657 0.0244644 0.0262009 0.0262009 0.0262822 0.0274227 0.0235717 0.0236750 0.0245680 0.0274832 0.0338220 0.0279936 0.0244077 0.0266633 0.0255431 0.0280900 0.0297655 0.0245978 0.0274327 0.0210749 0.0328241 0.0247604 0.0254578 0.0256199 0.0284837 0.0259724 
JQ993670_Isospora_sp._ex_Talpa_europaea         0.0245989 0.0119679 0.0067581 0.0000000 0.0138401 0.0323825 0.0365427 0.0324246 0.0324892 0.0739913 0.0299418 0.0337729 0.0299418 0.0445793 0.0299418 0.0299418 0.0332613 0.0323825 0.0574869 0.0311887 0.0312800 0.0324892 0.0312829 0.0337465 0.0210297 0.0323825 0.0349546 0.0311968 0.0350406 0.0349510 0.0353720 0.0366633 0.0351494 0.0312879 0.0458218 0.0392681 0.0420687 0.0338762 0.0363850 0.0364211 0.0323825 0.0354518 0.0336973 0.0351555 0.0351198 0.0336512 0.0338123 0.0337365 0.0327234 0.0377830 0.0329962 0.0323825 0.0323825 0.0324151 0.0338482 0.0402752 0.0324892 0.0323825 0.0313276 0.0323825 0.0324892 0.0324151 0.0247140 0.0329962 0.0332270 0.0324892 0.0324892 0.0197498 0.0364776 0.0447398 0.0349831 0.0300938 0.0340362 0.0288755 0.0326081 0.0448425 0.0519708 0.0300938 0.0378875 0.0366209 0.0313622 0.0312561 0.0320184 0.0316560 0.0311574 0.0311968 0.0484334 0.0311269 0.0593156 0.0319381 0.0336319 0.0349089 0.0341653 0.0393897 0.0408189 0.0392347 0.0392347 0.0365494 0.0424743 0.0373313 0.0391862 0.0408189 0.0358298 0.0333978 0.0392846 0.0319183 0.0358298 0.0336333 0.0388960 0.0407683 0.0360118 0.0316977 0.0347083 0.0329484 0.0374690 0.0393917 0.0342065 0.0409100 0.0349089 0.0375907 0.0322836 0.0396007 0.0371290 0.0342066 0.0391862 0.0367012 0.0361790 0.0369453 0.0356298 0.0360497 0.0396356 0.0392347 0.0395861 0.0361302 0.0366038 0.0341653 0.0373595 0.0338968 0.0319775 0.0351233 0.0354210 0.0347051 0.0324896 0.0374690 0.0353857 0.0364503 0.0360543 0.0357618 0.0379466 0.0390999 0.0367012 0.0384697 0.0407683 0.0367012 0.0411848 0.0367012 0.0360118 0.0372008 0.0353720 0.0356832 0.0356194 0.0496437 0.0301707 0.0356553 0.0352819 0.0355150 0.0414099 0.0443960 0.0351646 0.0446228 0.0352359 0.0325211 0.0351298 0.0351298 0.0352819 0.0382710 0.0322133 0.0324129 0.0336603 0.0773542 0.0377191 0.0390747 0.0633574 0.0369493 0.0352488 0.0361567 0.0415442 0.0647793 0.0391082 0.0297849 0.0394148 0.0378072 0.0350796 0.0349089 0.0406871 0.0407063 
JQ993671_Isospora_sp._ex_Talpa_europaea         0.0297013 0.0181130 0.0135627 0.0138401 0.0000000 0.0361334 0.0353477 0.0365089 0.0365570 0.0513856 0.0286607 0.0328157 0.0349325 0.0400465 0.0348380 0.0280662 0.0368896 0.0362269 0.0473813 0.0356904 0.0357587 0.0364559 0.0361228 0.0366755 0.0270891 0.0364776 0.0383014 0.0348659 0.0382171 0.0373084 0.0348177 0.0394548 0.0317870 0.0341189 0.0388811 0.0463325 0.0664028 0.0299866 0.0333522 0.0341982 0.0367512 0.0377430 0.0376194 0.0322765 0.0321864 0.0391426 0.0368716 0.0349648 0.0314476 0.0366185 0.0369638 0.0353339 0.0334942 0.0365019 0.0320450 0.0334679 0.0365570 0.0364776 0.0355170 0.0358305 0.0332400 0.0359027 0.0261535 0.0362886 0.0372216 0.0365570 0.0366922 0.0254178 0.0392163 0.0431425 0.0353229 0.0284536 0.0367281 0.0276963 0.0283980 0.0400669 0.0535175 0.0284637 0.0324501 0.0341187 0.0276134 0.0292044 0.0322858 0.0351203 0.0356666 0.0369589 0.0440270 0.0355757 0.0416010 0.0370614 0.0364472 0.0390050 0.0328524 0.0390207 0.0397734 0.0386353 0.0386353 0.0369902 0.0409497 0.0345539 0.0386458 0.0410519 0.0339957 0.0382444 0.0389466 0.0324830 0.0339578 0.0379412 0.0361664 0.0396946 0.0376403 0.0347240 0.0390940 0.0375400 0.0401985 0.0419587 0.0330387 0.0398349 0.0378193 0.0409071 0.0366706 0.0395284 0.0403717 0.0378090 0.0386023 0.0383027 0.0391508 0.0355331 0.0373635 0.0390934 0.0405040 0.0386788 0.0390949 0.0405685 0.0390152 0.0328158 0.0377370 0.0338639 0.0349431 0.0383822 0.0385780 0.0395464 0.0373176 0.0401985 0.0364068 0.0398847 0.0395978 0.0394698 0.0388619 0.0412243 0.0396619 0.0412543 0.0396946 0.0394819 0.0421719 0.0394819 0.0392455 0.0404409 0.0348177 0.0385578 0.0378290 0.0483200 0.0345017 0.0388647 0.0384784 0.0386452 0.0416719 0.0446172 0.0383940 0.0396875 0.0372450 0.0363356 0.0380705 0.0380705 0.0382038 0.0408679 0.0366977 0.0368389 0.0376042 0.0490534 0.0412383 0.0410659 0.0456664 0.0394445 0.0386627 0.0390773 0.0425738 0.0425771 0.0387665 0.0326455 0.0435116 0.0383244 0.0370297 0.0370435 0.0397050 0.0401960 
JQ993665_Eimeria_nafuko                         0.0113078 0.0000010 0.0243032 0.0323825 0.0361334 0.0000000 0.0176886 0.0007357 0.0007366 0.0050833 0.0042743 0.0054172 0.0044590 0.0000010 0.0044590 0.0040355 0.0007472 0.0007351 0.0035156 0.0029529 0.0007372 0.0007366 0.0052207 0.0062240 0.0013375 0.0007351 0.0021928 0.0021920 0.0021950 0.0029271 0.0009115 0.0108377 0.0151068 0.0044062 0.0220675 0.0184170 0.0271118 0.0198826 0.0174473 0.0174486 0.0007283 0.0067635 0.0051422 0.0152556 0.0152147 0.0082254 0.0074234 0.0112469 0.0137227 0.0174822 0.0007442 0.0000010 0.0030883 0.0007355 0.0010533 0.0012818 0.0007366 0.0007351 0.0007381 0.0000010 0.0000010 0.0000010 0.0000010 0.0000010 0.0007665 0.0007366 0.0007366 0.0000010 0.0120189 0.0039985 0.0167733 0.0191467 0.0265279 0.0199477 0.0183263 0.0291099 0.0425223 0.0191537 0.0240021 0.0240283 0.0183183 0.0190918 0.0027067 0.0023530 0.0029512 0.0036660 0.0000010 0.0029488 0.0163706 0.0029965 0.0014579 0.0110493 0.0028394 0.0076071 0.0096851 0.0106578 0.0106578 0.0068401 0.0106862 0.0009601 0.0106611 0.0107108 0.0000024 0.0102015 0.0107376 0.0035305 0.0000024 0.0007523 0.0018942 0.0096674 0.0103331 0.0056555 0.0094009 0.0038276 0.0118029 0.0132244 0.0028541 0.0116708 0.0101555 0.0118256 0.0030162 0.0076985 0.0109227 0.0007600 0.0106496 0.0102536 0.0107498 0.0000025 0.0113348 0.0109906 0.0114369 0.0106692 0.0107771 0.0107408 0.0105637 0.0028364 0.0010402 0.0000010 0.0023419 0.0015109 0.0106099 0.0030913 0.0015535 0.0118029 0.0113328 0.0107994 0.0107275 0.0109363 0.0093808 0.0110490 0.0108444 0.0101305 0.0096674 0.0108444 0.0113023 0.0108444 0.0109837 0.0121925 0.0009115 0.0094360 0.0106787 0.0123769 0.0022580 0.0106538 0.0105837 0.0106274 0.0103779 0.0155210 0.0105619 0.0123593 0.0022244 0.0007377 0.0105556 0.0105556 0.0105837 0.0032706 0.0007918 0.0007948 0.0015866 0.0155284 0.0136031 0.0115584 0.0205152 0.0101957 0.0113841 0.0092886 0.0148283 0.0173789 0.0106918 0.0031763 0.0122502 0.0095744 0.0106685 0.0104294 0.0105155 0.0100058 
JQ993659_Eimeria_alorani                        0.0162740 0.0039577 0.0253928 0.0365427 0.0353477 0.0176886 0.0000000 0.0166905 0.0166766 0.0291206 0.0154459 0.0156182 0.0174799 0.0223539 0.0176737 0.0156475 0.0169144 0.0166766 0.0248231 0.0159100 0.0159395 0.0166766 0.0198730 0.0212071 0.0067498 0.0166766 0.0182612 0.0182536 0.0182794 0.0190436 0.0170461 0.0214161 0.0066616 0.0198970 0.0098317 0.0291201 0.0457383 0.0111998 0.0029306 0.0044054 0.0174896 0.0183031 0.0198410 0.0021921 0.0021921 0.0222153 0.0190607 0.0089481 0.0097936 0.0044138 0.0168436 0.0172705 0.0171154 0.0166766 0.0152898 0.0173226 0.0166766 0.0166766 0.0167452 0.0170493 0.0158309 0.0171030 0.0087211 0.0172272 0.0165335 0.0166766 0.0166766 0.0063708 0.0223362 0.0205778 0.0151148 0.0112513 0.0207532 0.0120223 0.0119911 0.0223895 0.0343912 0.0112553 0.0159243 0.0159411 0.0119860 0.0112194 0.0168202 0.0179650 0.0159100 0.0184328 0.0235567 0.0159102 0.0059833 0.0162696 0.0174513 0.0208184 0.0156676 0.0224778 0.0229509 0.0239577 0.0239577 0.0201422 0.0240229 0.0179864 0.0239645 0.0240801 0.0167031 0.0198265 0.0241424 0.0154898 0.0166850 0.0170685 0.0187232 0.0229074 0.0212090 0.0205201 0.0190013 0.0164729 0.0214702 0.0254009 0.0157519 0.0250516 0.0228012 0.0216633 0.0162253 0.0227564 0.0213876 0.0172120 0.0239384 0.0219097 0.0209999 0.0179656 0.0224441 0.0206291 0.0257635 0.0239838 0.0242327 0.0218530 0.0245785 0.0156507 0.0195584 0.0122433 0.0162162 0.0178832 0.0207226 0.0190523 0.0175952 0.0214702 0.0222302 0.0211434 0.0209999 0.0205715 0.0209037 0.0210364 0.0211873 0.0205710 0.0229074 0.0214298 0.0220423 0.0214298 0.0206160 0.0261062 0.0170461 0.0238189 0.0200620 0.0300723 0.0164345 0.0208092 0.0206711 0.0207573 0.0246436 0.0259392 0.0206839 0.0240688 0.0174905 0.0166937 0.0206711 0.0206711 0.0206839 0.0201868 0.0170926 0.0171575 0.0179409 0.0413454 0.0268414 0.0217033 0.0368262 0.0218376 0.0213740 0.0252773 0.0249856 0.0319879 0.0240360 0.0155829 0.0264688 0.0227187 0.0219165 0.0214123 0.0225427 0.0237758 
KU174470_Eimeria_apionodes                      0.0118803 0.0000010 0.0243839 0.0324246 0.0365089 0.0007357 0.0166905 0.0000000 0.0000020 0.0036594 0.0042794 0.0054235 0.0036271 0.0000028 0.0037063 0.0040399 0.0000021 0.0000020 0.0035209 0.0021622 0.0000020 0.0000020 0.0058744 0.0062297 0.0013375 0.0000020 0.0021634 0.0028856 0.0014418 0.0021634 0.0009125 0.0100375 0.0141375 0.0043548 0.0207436 0.0173827 0.0259034 0.0188301 0.0164391 0.0164403 0.0007199 0.0058718 0.0043428 0.0141387 0.0141301 0.0080373 0.0065829 0.0118583 0.0127915 0.0180283 0.0000020 0.0000021 0.0030925 0.0000020 0.0010545 0.0012836 0.0000020 0.0000020 0.0000020 0.0000021 0.0000022 0.0000021 0.0000010 0.0000021 0.0000021 0.0000020 0.0000020 0.0000010 0.0111011 0.0029028 0.0165727 0.0189169 0.0262043 0.0197079 0.0181069 0.0287519 0.0401244 0.0189237 0.0237113 0.0237369 0.0180991 0.0188633 0.0027093 0.0023546 0.0021608 0.0029449 0.0000028 0.0021609 0.0164075 0.0022378 0.0007184 0.0101550 0.0028424 0.0076161 0.0096957 0.0106695 0.0106695 0.0068480 0.0106979 0.0009611 0.0106727 0.0107226 0.0000024 0.0091879 0.0107494 0.0035340 0.0000024 0.0000021 0.0009470 0.0096779 0.0103420 0.0056616 0.0084082 0.0030270 0.0107834 0.0132378 0.0028572 0.0116836 0.0101666 0.0109583 0.0022162 0.0077080 0.0100247 0.0000021 0.0106613 0.0102633 0.0097451 0.0000025 0.0113449 0.0099497 0.0114504 0.0106809 0.0107894 0.0106410 0.0105744 0.0028394 0.0010413 0.0000010 0.0023435 0.0007371 0.0096129 0.0022609 0.0007677 0.0107834 0.0113457 0.0099130 0.0098476 0.0100373 0.0093888 0.0102591 0.0098609 0.0092426 0.0096779 0.0100437 0.0102978 0.0100437 0.0099852 0.0122049 0.0009125 0.0094471 0.0096734 0.0123955 0.0022599 0.0096790 0.0095897 0.0096284 0.0103891 0.0144210 0.0095705 0.0110634 0.0014474 0.0000020 0.0095649 0.0095649 0.0095897 0.0023887 0.0000021 0.0000021 0.0007731 0.0155608 0.0136216 0.0104496 0.0195493 0.0102055 0.0102963 0.0093005 0.0136366 0.0150190 0.0107036 0.0031791 0.0122653 0.0095846 0.0106791 0.0104385 0.0105259 0.0100171 
KU174461_Eimeria_apionodes                      0.0120097 0.0000010 0.0244185 0.0324892 0.0365570 0.0007366 0.0166766 0.0000020 0.0000000 0.0036544 0.0042830 0.0054332 0.0036292 0.0000010 0.0037085 0.0040432 0.0000010 0.0000010 0.0035156 0.0021634 0.0000026 0.0000010 0.0058778 0.0062390 0.0013375 0.0000010 0.0021658 0.0028895 0.0014437 0.0021659 0.0009115 0.0100285 0.0141538 0.0043603 0.0207262 0.0174041 0.0259368 0.0188533 0.0164591 0.0164603 0.0007207 0.0058670 0.0043484 0.0141463 0.0141463 0.0080466 0.0065906 0.0118721 0.0128071 0.0180504 0.0000010 0.0000010 0.0030970 0.0000010 0.0010533 0.0012818 0.0000010 0.0000010 0.0000026 0.0000010 0.0000010 0.0000010 0.0000010 0.0000010 0.0000010 0.0000010 0.0000010 0.0000010 0.0111140 0.0029003 0.0165930 0.0189403 0.0262376 0.0197323 0.0181292 0.0287890 0.0411047 0.0189471 0.0237410 0.0237668 0.0181214 0.0188865 0.0027067 0.0023530 0.0021634 0.0029487 0.0000010 0.0021634 0.0163706 0.0022361 0.0007192 0.0101456 0.0028394 0.0076071 0.0096851 0.0106578 0.0106578 0.0068401 0.0106862 0.0009601 0.0106611 0.0107108 0.0000024 0.0091800 0.0107376 0.0035305 0.0000024 0.0000021 0.0018942 0.0096674 0.0103331 0.0056555 0.0084012 0.0030244 0.0107735 0.0132244 0.0028541 0.0116708 0.0101555 0.0109482 0.0022144 0.0076985 0.0100156 0.0000010 0.0106496 0.0102536 0.0097365 0.0000025 0.0113348 0.0099407 0.0114369 0.0106692 0.0107771 0.0106315 0.0105637 0.0028364 0.0010402 0.0000010 0.0023419 0.0007365 0.0096048 0.0022591 0.0007670 0.0107735 0.0113328 0.0099040 0.0098388 0.0100280 0.0093808 0.0102496 0.0098522 0.0092343 0.0096674 0.0100346 0.0102878 0.0100346 0.0099761 0.0121925 0.0009115 0.0094360 0.0096654 0.0123769 0.0022580 0.0096709 0.0095817 0.0096203 0.0103779 0.0144084 0.0095817 0.0110520 0.0014464 0.0000010 0.0095761 0.0095761 0.0095817 0.0023866 0.0000010 0.0000021 0.0007725 0.0155284 0.0136031 0.0104402 0.0195170 0.0101957 0.0102870 0.0092886 0.0136240 0.0149941 0.0106918 0.0031763 0.0122502 0.0095744 0.0106685 0.0104294 0.0105155 0.0100058 
KU174464_Eimeria_apionodes                      0.0000010 0.0000010 0.0368313 0.0739913 0.0513856 0.0050833 0.0291206 0.0036594 0.0036544 0.0000000 0.0164664 0.0199604 0.0086603 0.0056510 0.0089876 0.0142926 0.0036544 0.0036544 0.0067066 0.0061121 0.0000021 0.0036544 0.0126312 0.0162758 0.0129872 0.0036544 0.0061300 0.0061121 0.0048916 0.0048866 0.0060788 0.0156764 0.0203408 0.0098874 0.0285803 0.0275330 0.0447261 0.0272954 0.0284946 0.0271599 0.0048978 0.0112370 0.0073803 0.0244103 0.0244103 0.0150188 0.0112370 0.0231208 0.0234793 0.0300112 0.0036594 0.0039454 0.0150930 0.0036544 0.0105706 0.0070010 0.0036544 0.0036544 0.0036790 0.0038614 0.0049062 0.0038817 0.0076544 0.0038683 0.0036579 0.0036544 0.0036751 0.0087278 0.0164520 0.0061121 0.0302364 0.0302479 0.0419146 0.0316237 0.0287881 0.0481585 0.0630108 0.0302669 0.0301936 0.0347155 0.0287567 0.0273870 0.0075747 0.0066649 0.0061121 0.0076232 0.0053533 0.0061182 0.0242961 0.0063229 0.0048804 0.0154789 0.0076290 0.0155537 0.0140882 0.0156631 0.0156631 0.0141843 0.0157503 0.0062503 0.0156902 0.0157894 0.0045656 0.0138466 0.0158329 0.0076576 0.0045579 0.0037403 0.0076446 0.0140639 0.0161169 0.0118806 0.0138504 0.0062475 0.0152004 0.0188345 0.0076837 0.0156902 0.0173267 0.0155775 0.0061530 0.0157918 0.0154405 0.0036544 0.0156631 0.0162637 0.0151172 0.0049612 0.0160823 0.0150962 0.0173929 0.0156902 0.0157975 0.0167879 0.0149863 0.0076161 0.0053533 0.0092816 0.0065270 0.0048804 0.0150962 0.0073919 0.0049883 0.0152004 0.0243171 0.0154405 0.0154405 0.0154405 0.0147114 0.0144026 0.0152004 0.0141261 0.0140639 0.0156764 0.0141261 0.0156764 0.0152004 0.0165541 0.0060788 0.0193633 0.0151697 0.0190824 0.0065789 0.0151689 0.0150962 0.0150962 0.0156050 0.0152112 0.0150962 0.0150962 0.0061515 0.0036605 0.0150962 0.0150962 0.0150962 0.0048804 0.0036544 0.0036594 0.0048804 0.0156082 0.0277465 0.0138117 0.0195943 0.0154077 0.0150962 0.0202410 0.0150962 0.0150537 0.0157975 0.0079068 0.0208107 0.0170188 0.0160823 0.0162043 0.0147589 0.0170582 
KU174480_Eimeria_apionodes                      0.0119190 0.0000010 0.0237392 0.0299418 0.0286607 0.0042743 0.0154459 0.0042794 0.0042830 0.0164664 0.0000000 0.0054471 0.0000010 0.0063311 0.0000010 0.0000010 0.0043739 0.0042743 0.0063339 0.0032022 0.0032116 0.0042830 0.0010618 0.0042649 0.0000010 0.0042743 0.0064406 0.0032060 0.0064555 0.0064408 0.0062425 0.0090005 0.0131391 0.0032146 0.0217388 0.0132081 0.0121057 0.0177142 0.0142430 0.0142555 0.0042743 0.0043097 0.0053598 0.0131289 0.0131289 0.0042540 0.0042856 0.0064681 0.0132816 0.0154090 0.0043477 0.0042743 0.0042743 0.0042743 0.0053766 0.0069976 0.0042830 0.0042743 0.0042995 0.0042743 0.0042830 0.0042743 0.0024535 0.0043415 0.0045370 0.0042830 0.0042830 0.0012597 0.0097890 0.0051513 0.0166025 0.0143245 0.0189303 0.0132157 0.0143245 0.0273794 0.0375786 0.0143245 0.0236759 0.0200947 0.0132078 0.0154075 0.0036917 0.0033748 0.0032022 0.0032060 0.0070757 0.0031995 0.0235663 0.0032719 0.0053505 0.0092585 0.0039094 0.0085907 0.0119922 0.0106415 0.0106415 0.0080457 0.0133669 0.0065476 0.0106303 0.0133947 0.0052367 0.0080324 0.0106531 0.0047274 0.0052367 0.0044174 0.0078704 0.0119795 0.0091782 0.0039904 0.0091869 0.0045031 0.0103689 0.0106802 0.0039133 0.0120169 0.0092585 0.0103980 0.0033033 0.0086318 0.0091034 0.0044843 0.0106303 0.0090086 0.0088950 0.0053807 0.0106251 0.0091866 0.0107391 0.0106415 0.0107276 0.0088841 0.0108865 0.0039094 0.0065521 0.0048217 0.0034052 0.0055558 0.0087276 0.0057012 0.0057891 0.0103689 0.0087201 0.0089545 0.0088680 0.0091203 0.0101313 0.0116106 0.0090086 0.0102564 0.0119795 0.0090086 0.0120893 0.0090086 0.0091782 0.0118799 0.0062425 0.0082273 0.0087721 0.0130672 0.0032258 0.0087798 0.0086967 0.0087484 0.0121602 0.0158096 0.0086787 0.0107875 0.0064872 0.0042867 0.0086713 0.0086713 0.0086967 0.0087576 0.0047664 0.0047932 0.0059751 0.0279301 0.0111818 0.0124145 0.0213991 0.0109782 0.0096753 0.0068936 0.0147989 0.0217539 0.0106111 0.0034619 0.0116250 0.0071684 0.0096344 0.0092585 0.0119579 0.0076445 
KU174483_Eimeria_apionodes                      0.0118803 0.0000010 0.0277280 0.0337729 0.0328157 0.0054172 0.0156182 0.0054235 0.0054332 0.0199604 0.0054471 0.0000000 0.0054471 0.0080882 0.0054471 0.0054471 0.0055501 0.0054172 0.0086964 0.0043339 0.0043455 0.0054332 0.0065649 0.0076298 0.0040466 0.0054172 0.0076190 0.0043352 0.0076368 0.0076191 0.0076208 0.0126603 0.0144366 0.0021578 0.0232458 0.0156855 0.0110844 0.0214902 0.0155570 0.0155709 0.0054172 0.0077186 0.0043177 0.0144385 0.0144253 0.0098522 0.0076677 0.0076519 0.0169607 0.0167457 0.0055164 0.0054172 0.0054172 0.0054220 0.0065480 0.0085604 0.0054332 0.0054172 0.0054491 0.0054172 0.0054332 0.0054220 0.0036910 0.0055097 0.0057604 0.0054332 0.0054332 0.0025269 0.0133298 0.0070330 0.0203523 0.0180088 0.0227547 0.0168746 0.0180088 0.0314836 0.0420336 0.0180088 0.0276512 0.0239545 0.0168642 0.0191112 0.0024832 0.0022683 0.0043301 0.0021520 0.0090632 0.0043264 0.0267854 0.0044284 0.0065099 0.0130312 0.0053074 0.0132653 0.0164262 0.0150311 0.0150311 0.0123998 0.0178526 0.0079999 0.0150147 0.0164262 0.0066646 0.0117436 0.0150480 0.0060060 0.0066646 0.0056058 0.0093494 0.0164082 0.0129154 0.0081983 0.0129287 0.0057167 0.0141497 0.0150869 0.0053129 0.0164608 0.0130312 0.0141908 0.0044715 0.0133303 0.0128082 0.0056924 0.0150147 0.0126719 0.0125083 0.0068515 0.0145084 0.0129275 0.0151720 0.0150311 0.0151553 0.0124927 0.0148739 0.0053074 0.0080060 0.0060313 0.0046116 0.0067696 0.0122681 0.0069494 0.0070583 0.0141497 0.0122572 0.0125939 0.0124696 0.0128324 0.0138188 0.0154521 0.0126719 0.0139934 0.0164082 0.0126719 0.0165617 0.0126719 0.0129154 0.0158181 0.0076208 0.0126892 0.0123319 0.0185711 0.0043651 0.0123429 0.0122236 0.0122980 0.0166624 0.0196391 0.0121868 0.0158985 0.0076817 0.0054378 0.0121760 0.0121760 0.0122236 0.0101824 0.0060563 0.0060903 0.0072889 0.0404412 0.0152877 0.0165482 0.0323176 0.0150023 0.0136326 0.0113416 0.0189638 0.0328973 0.0149869 0.0046896 0.0159103 0.0118074 0.0135733 0.0130312 0.0163779 0.0126161 
KU174462_Eimeria_apionodes                      0.0119190 0.0000010 0.0216622 0.0299418 0.0349325 0.0044590 0.0174799 0.0036271 0.0036292 0.0086603 0.0000010 0.0054471 0.0000000 0.0063488 0.0000010 0.0000010 0.0036810 0.0036242 0.0047331 0.0028977 0.0029028 0.0036292 0.0021781 0.0035265 0.0000010 0.0036242 0.0058264 0.0036285 0.0050973 0.0058264 0.0055391 0.0076806 0.0149165 0.0051063 0.0207564 0.0150475 0.0301389 0.0180347 0.0172268 0.0172281 0.0043624 0.0036483 0.0050965 0.0149087 0.0149087 0.0043374 0.0028969 0.0126284 0.0120108 0.0188238 0.0036661 0.0037905 0.0072892 0.0036242 0.0053234 0.0064941 0.0036292 0.0036242 0.0036387 0.0037436 0.0042798 0.0037550 0.0024535 0.0037891 0.0037746 0.0036292 0.0036414 0.0012597 0.0088416 0.0038980 0.0157814 0.0181176 0.0246054 0.0173569 0.0173119 0.0279087 0.0401476 0.0181241 0.0228924 0.0229170 0.0157669 0.0180663 0.0036358 0.0031576 0.0028977 0.0037031 0.0066787 0.0028978 0.0207621 0.0029998 0.0043531 0.0077700 0.0038155 0.0065003 0.0086928 0.0077093 0.0077093 0.0058469 0.0096881 0.0058376 0.0077117 0.0097104 0.0047850 0.0068552 0.0077667 0.0044453 0.0047799 0.0037550 0.0067182 0.0086769 0.0079123 0.0028128 0.0076208 0.0038041 0.0084283 0.0105278 0.0038354 0.0087058 0.0073479 0.0085643 0.0029705 0.0065777 0.0076709 0.0037431 0.0077035 0.0078525 0.0074580 0.0051373 0.0088647 0.0076138 0.0082698 0.0077176 0.0077955 0.0083176 0.0078838 0.0038114 0.0063322 0.0048217 0.0031427 0.0044650 0.0073574 0.0060880 0.0046519 0.0084283 0.0081938 0.0075858 0.0075360 0.0076804 0.0085792 0.0094400 0.0075461 0.0084463 0.0086769 0.0076853 0.0094075 0.0076853 0.0076408 0.0095334 0.0055391 0.0062542 0.0074036 0.0109588 0.0030295 0.0074078 0.0073397 0.0073692 0.0093127 0.0120818 0.0073295 0.0082462 0.0051142 0.0036349 0.0073252 0.0073252 0.0073397 0.0064354 0.0038971 0.0039114 0.0046853 0.0135126 0.0136158 0.0096151 0.0148853 0.0093236 0.0078778 0.0057675 0.0111694 0.0104060 0.0077338 0.0039964 0.0111013 0.0066662 0.0081691 0.0079858 0.0096153 0.0069649 
KU174463_Eimeria_apionodes                      0.0000010 0.0000010 0.0326596 0.0445793 0.0400465 0.0000010 0.0223539 0.0000028 0.0000010 0.0056510 0.0063311 0.0080882 0.0063488 0.0000000 0.0063488 0.0058208 0.0000010 0.0000010 0.0047196 0.0037666 0.0000024 0.0000010 0.0076566 0.0076491 0.0020108 0.0000010 0.0025088 0.0037718 0.0025156 0.0025046 0.0012499 0.0102677 0.0141638 0.0037783 0.0224063 0.0156814 0.0215862 0.0210697 0.0195523 0.0209111 0.0000010 0.0089589 0.0050371 0.0182196 0.0182196 0.0115007 0.0102946 0.0129163 0.0184584 0.0210320 0.0000010 0.0000010 0.0045013 0.0000010 0.0015452 0.0014417 0.0000010 0.0000010 0.0000024 0.0000010 0.0000010 0.0000010 0.0000010 0.0000010 0.0000010 0.0000010 0.0000010 0.0000010 0.0129659 0.0040302 0.0225156 0.0197212 0.0280774 0.0210990 0.0183969 0.0341619 0.0419195 0.0197212 0.0224916 0.0239437 0.0197277 0.0197136 0.0037718 0.0037718 0.0037666 0.0037718 0.0000010 0.0037667 0.0164353 0.0037629 0.0012499 0.0102677 0.0037629 0.0089669 0.0089669 0.0102677 0.0102677 0.0089669 0.0102893 0.0012516 0.0102677 0.0102993 0.0000028 0.0089779 0.0102821 0.0037667 0.0000028 0.0000028 0.0025057 0.0089669 0.0102677 0.0076412 0.0089799 0.0037629 0.0102677 0.0102677 0.0037720 0.0102677 0.0102677 0.0102785 0.0037629 0.0089799 0.0102677 0.0000010 0.0102677 0.0102677 0.0102677 0.0000028 0.0102677 0.0102677 0.0102677 0.0102677 0.0102677 0.0102677 0.0102677 0.0037629 0.0012520 0.0000010 0.0037629 0.0012499 0.0102782 0.0025131 0.0012499 0.0102677 0.0117883 0.0102677 0.0102677 0.0102677 0.0089669 0.0089669 0.0102677 0.0089669 0.0089669 0.0102677 0.0089669 0.0102677 0.0102677 0.0102677 0.0012499 0.0118091 0.0103516 0.0124097 0.0037853 0.0102962 0.0102677 0.0102782 0.0090080 0.0102970 0.0102782 0.0102677 0.0025215 0.0000010 0.0102677 0.0102677 0.0102782 0.0025112 0.0000010 0.0000028 0.0012499 0.0189332 0.0127414 0.0089669 0.0207451 0.0089669 0.0102677 0.0105073 0.0102677 0.0209518 0.0102677 0.0050420 0.0106975 0.0102677 0.0102677 0.0102677 0.0089669 0.0102677 
KU174468_Eimeria_apionodes                      0.0119190 0.0000010 0.0216622 0.0299418 0.0348380 0.0044590 0.0176737 0.0037063 0.0037085 0.0089876 0.0000010 0.0054471 0.0000010 0.0063488 0.0000000 0.0000010 0.0037626 0.0037032 0.0047331 0.0029609 0.0029662 0.0037085 0.0022127 0.0035265 0.0000010 0.0037032 0.0052037 0.0037077 0.0052090 0.0059541 0.0055391 0.0076806 0.0152511 0.0044626 0.0212361 0.0153880 0.0308567 0.0184420 0.0176147 0.0176161 0.0044578 0.0037253 0.0052081 0.0152429 0.0152429 0.0036919 0.0029576 0.0113536 0.0122692 0.0176503 0.0037470 0.0037905 0.0072892 0.0037032 0.0053234 0.0064941 0.0037085 0.0037032 0.0037184 0.0037436 0.0042798 0.0037550 0.0024535 0.0037891 0.0038604 0.0037085 0.0037085 0.0012597 0.0090376 0.0040131 0.0161380 0.0177003 0.0234741 0.0169249 0.0168801 0.0276758 0.0401602 0.0177068 0.0225644 0.0225892 0.0153064 0.0176492 0.0036358 0.0031576 0.0029609 0.0037129 0.0066787 0.0029609 0.0207621 0.0030047 0.0044482 0.0078296 0.0038155 0.0065003 0.0086928 0.0077093 0.0077093 0.0058469 0.0096881 0.0058376 0.0077117 0.0097104 0.0047850 0.0070064 0.0077667 0.0044453 0.0047799 0.0037883 0.0067182 0.0086769 0.0079123 0.0028128 0.0077889 0.0038383 0.0085862 0.0105278 0.0038354 0.0087058 0.0073479 0.0086025 0.0030245 0.0065777 0.0077404 0.0038274 0.0077035 0.0078525 0.0076189 0.0051373 0.0088647 0.0077883 0.0082698 0.0077176 0.0077955 0.0076125 0.0078838 0.0038114 0.0063322 0.0048217 0.0031427 0.0045650 0.0075203 0.0062275 0.0046946 0.0085862 0.0081938 0.0076538 0.0076031 0.0077501 0.0085792 0.0094400 0.0076853 0.0085229 0.0086769 0.0076853 0.0095027 0.0076853 0.0077835 0.0095334 0.0055391 0.0062542 0.0075685 0.0109588 0.0030295 0.0075512 0.0075018 0.0075326 0.0093127 0.0123201 0.0074911 0.0084747 0.0052267 0.0037144 0.0074867 0.0074867 0.0075018 0.0065915 0.0039886 0.0040037 0.0047955 0.0135126 0.0136158 0.0098473 0.0155671 0.0093236 0.0080648 0.0057675 0.0114379 0.0108822 0.0077338 0.0039964 0.0111013 0.0066662 0.0081691 0.0079858 0.0096153 0.0069649 
KU174479_Eimeria_apionodes                      0.0119190 0.0000010 0.0223408 0.0299418 0.0280662 0.0040355 0.0156475 0.0040399 0.0040432 0.0142926 0.0000010 0.0054471 0.0000010 0.0058208 0.0000010 0.0000000 0.0041241 0.0040355 0.0056707 0.0030235 0.0030318 0.0040432 0.0010029 0.0040271 0.0000010 0.0040355 0.0060792 0.0030269 0.0060924 0.0060793 0.0058387 0.0084725 0.0123878 0.0030345 0.0204614 0.0124490 0.0114101 0.0166909 0.0134281 0.0144921 0.0040355 0.0040661 0.0050594 0.0123787 0.0123787 0.0040173 0.0040455 0.0061036 0.0125145 0.0145236 0.0041008 0.0040355 0.0072892 0.0040355 0.0053234 0.0064941 0.0040432 0.0040355 0.0040579 0.0040355 0.0040432 0.0040355 0.0024535 0.0040953 0.0042688 0.0040432 0.0040432 0.0012597 0.0092327 0.0047039 0.0156436 0.0135006 0.0178309 0.0124559 0.0135006 0.0257534 0.0352872 0.0135006 0.0222849 0.0189250 0.0124489 0.0145224 0.0034561 0.0031768 0.0030235 0.0030269 0.0064443 0.0030211 0.0208454 0.0030855 0.0050510 0.0087007 0.0036462 0.0079595 0.0111680 0.0099113 0.0099113 0.0074895 0.0124455 0.0061047 0.0099015 0.0124696 0.0048827 0.0075524 0.0099213 0.0044369 0.0048827 0.0041628 0.0073446 0.0111569 0.0086298 0.0037166 0.0086377 0.0042388 0.0097469 0.0099448 0.0036496 0.0111893 0.0087007 0.0097726 0.0031134 0.0079943 0.0085636 0.0042221 0.0099015 0.0084796 0.0083789 0.0050076 0.0099730 0.0086372 0.0099959 0.0099113 0.0099860 0.0083692 0.0102029 0.0036462 0.0061089 0.0048217 0.0032038 0.0052337 0.0082303 0.0064569 0.0054402 0.0097469 0.0082235 0.0084317 0.0083550 0.0085786 0.0095366 0.0109090 0.0084796 0.0096474 0.0111569 0.0084796 0.0112522 0.0084796 0.0086298 0.0111464 0.0058387 0.0076467 0.0082698 0.0119831 0.0030445 0.0082766 0.0082027 0.0082488 0.0113135 0.0148790 0.0081867 0.0099392 0.0061206 0.0040465 0.0081801 0.0081801 0.0082027 0.0081900 0.0044712 0.0044948 0.0056042 0.0221961 0.0136158 0.0116159 0.0172920 0.0102834 0.0090679 0.0064045 0.0138528 0.0175228 0.0098849 0.0032539 0.0108488 0.0066410 0.0090319 0.0087007 0.0111382 0.0070477 
KU174449_Eimeria_apionodes                      0.0130195 0.0000010 0.0248126 0.0332613 0.0368896 0.0007472 0.0169144 0.0000021 0.0000010 0.0036544 0.0043739 0.0055501 0.0036810 0.0000010 0.0037626 0.0041241 0.0000000 0.0000010 0.0035156 0.0021928 0.0000026 0.0000010 0.0059627 0.0063423 0.0013375 0.0000010 0.0021966 0.0029172 0.0021900 0.0021841 0.0009115 0.0100285 0.0142765 0.0043971 0.0206703 0.0183217 0.0261713 0.0190173 0.0167009 0.0167021 0.0007310 0.0059276 0.0044104 0.0143540 0.0143540 0.0081556 0.0066855 0.0135553 0.0129187 0.0198495 0.0000010 0.0000010 0.0031610 0.0000010 0.0010752 0.0012818 0.0000010 0.0000010 0.0000026 0.0000010 0.0000010 0.0000010 0.0000010 0.0000010 0.0000010 0.0000010 0.0000010 0.0000010 0.0119580 0.0028783 0.0167375 0.0191058 0.0264704 0.0199050 0.0182873 0.0290463 0.0405461 0.0191128 0.0239504 0.0239765 0.0182793 0.0182717 0.0027067 0.0023530 0.0021928 0.0029915 0.0000010 0.0021894 0.0163706 0.0022374 0.0007252 0.0109275 0.0028394 0.0086953 0.0106552 0.0116284 0.0116284 0.0078185 0.0116594 0.0009601 0.0116319 0.0116863 0.0000024 0.0099464 0.0117154 0.0035305 0.0000024 0.0000021 0.0018942 0.0106357 0.0111294 0.0065991 0.0091662 0.0030244 0.0115446 0.0141079 0.0028541 0.0126451 0.0110814 0.0117318 0.0022144 0.0087999 0.0107875 0.0000010 0.0116195 0.0110438 0.0104869 0.0000025 0.0121461 0.0107068 0.0124785 0.0116408 0.0117585 0.0113924 0.0114457 0.0028364 0.0010402 0.0000010 0.0023419 0.0007365 0.0104634 0.0022457 0.0007670 0.0115446 0.0125741 0.0106673 0.0106037 0.0108009 0.0101639 0.0110395 0.0106115 0.0100052 0.0106357 0.0108080 0.0111467 0.0108080 0.0107449 0.0130652 0.0009115 0.0104861 0.0112441 0.0137552 0.0022901 0.0105039 0.0104571 0.0104634 0.0114175 0.0128706 0.0104634 0.0118884 0.0014576 0.0000010 0.0103959 0.0103959 0.0104083 0.0023717 0.0000010 0.0000021 0.0007678 0.0174750 0.0148429 0.0111739 0.0207775 0.0110469 0.0110111 0.0104517 0.0143366 0.0163052 0.0116655 0.0031763 0.0133664 0.0105334 0.0114917 0.0112332 0.0113934 0.0110081 
KU174450_Eimeria_apionodes                      0.0118803 0.0000010 0.0243605 0.0323825 0.0362269 0.0007351 0.0166766 0.0000020 0.0000010 0.0036544 0.0042743 0.0054172 0.0036242 0.0000010 0.0037032 0.0040355 0.0000010 0.0000000 0.0035156 0.0021604 0.0000026 0.0000010 0.0058696 0.0062240 0.0013375 0.0000010 0.0021616 0.0028709 0.0021540 0.0021483 0.0009115 0.0100285 0.0140344 0.0043245 0.0206572 0.0172549 0.0257056 0.0186921 0.0164257 0.0164268 0.0007193 0.0058670 0.0043399 0.0141263 0.0141176 0.0080306 0.0065775 0.0133258 0.0126979 0.0195089 0.0000010 0.0000010 0.0030883 0.0000010 0.0010533 0.0012818 0.0000010 0.0000010 0.0000025 0.0000010 0.0000010 0.0000010 0.0000010 0.0000010 0.0000010 0.0000010 0.0000010 0.0000010 0.0110208 0.0028762 0.0164503 0.0187777 0.0260078 0.0195626 0.0179740 0.0285348 0.0407283 0.0187844 0.0235348 0.0235601 0.0179663 0.0187248 0.0027067 0.0023530 0.0021592 0.0029428 0.0000010 0.0021558 0.0163706 0.0022361 0.0007134 0.0101456 0.0028394 0.0076071 0.0096851 0.0106578 0.0106578 0.0068401 0.0106862 0.0009601 0.0106611 0.0107108 0.0000024 0.0091800 0.0107376 0.0035305 0.0000024 0.0000021 0.0018942 0.0096674 0.0103331 0.0056555 0.0084012 0.0030244 0.0107735 0.0132244 0.0028541 0.0116708 0.0101555 0.0109482 0.0022144 0.0076985 0.0100156 0.0000010 0.0106496 0.0102536 0.0097365 0.0000025 0.0113348 0.0099407 0.0114369 0.0106692 0.0107771 0.0106315 0.0105637 0.0028364 0.0010402 0.0000010 0.0023419 0.0007365 0.0096048 0.0022444 0.0007670 0.0107735 0.0113328 0.0099040 0.0098388 0.0100280 0.0093808 0.0102496 0.0098522 0.0092343 0.0096674 0.0100346 0.0102878 0.0100346 0.0099761 0.0121925 0.0009115 0.0094360 0.0096284 0.0123769 0.0022580 0.0096709 0.0095817 0.0096203 0.0103779 0.0144084 0.0095625 0.0109643 0.0014374 0.0000010 0.0094963 0.0094963 0.0095264 0.0023702 0.0000010 0.0000021 0.0007673 0.0155284 0.0136031 0.0103678 0.0192650 0.0101957 0.0102168 0.0092886 0.0135298 0.0148010 0.0106918 0.0031763 0.0122502 0.0095744 0.0106685 0.0104294 0.0105155 0.0100058 
KU174465_Eimeria_apionodes                      0.0000010 0.0000010 0.0330202 0.0574869 0.0473813 0.0035156 0.0248231 0.0035209 0.0035156 0.0067066 0.0063339 0.0086964 0.0047331 0.0047196 0.0047331 0.0056707 0.0035156 0.0035156 0.0000000 0.0000010 0.0023489 0.0035156 0.0059532 0.0105988 0.0029781 0.0035156 0.0047088 0.0023447 0.0047061 0.0047000 0.0052440 0.0108236 0.0195322 0.0047061 0.0261617 0.0225211 0.0428026 0.0261875 0.0247724 0.0273455 0.0035156 0.0071543 0.0023447 0.0234302 0.0234302 0.0095565 0.0071637 0.0183664 0.0198920 0.0261436 0.0035201 0.0035156 0.0119442 0.0035156 0.0082781 0.0056254 0.0035156 0.0035156 0.0035382 0.0035156 0.0041880 0.0035156 0.0027420 0.0035156 0.0035189 0.0035156 0.0035156 0.0000010 0.0120952 0.0000010 0.0262994 0.0276041 0.0346085 0.0263089 0.0236453 0.0431759 0.0571061 0.0276205 0.0275566 0.0318273 0.0223435 0.0248935 0.0025995 0.0023447 0.0000010 0.0023447 0.0045097 0.0000010 0.0184652 0.0000010 0.0046957 0.0108236 0.0000010 0.0116813 0.0107376 0.0093656 0.0093656 0.0108005 0.0121441 0.0053712 0.0093795 0.0121700 0.0039378 0.0096134 0.0094523 0.0000010 0.0039320 0.0035209 0.0065895 0.0107218 0.0108236 0.0063902 0.0120604 0.0000010 0.0108236 0.0133547 0.0000010 0.0093795 0.0102022 0.0108343 0.0000010 0.0118316 0.0108236 0.0035156 0.0093656 0.0108236 0.0108236 0.0042286 0.0108236 0.0108236 0.0102352 0.0093795 0.0094343 0.0108236 0.0090169 0.0000010 0.0045101 0.0070089 0.0000010 0.0046957 0.0108236 0.0071094 0.0046957 0.0108236 0.0134531 0.0108236 0.0108236 0.0108236 0.0120448 0.0120448 0.0108236 0.0120448 0.0107218 0.0108236 0.0120448 0.0108236 0.0108236 0.0103426 0.0052440 0.0118176 0.0108735 0.0138427 0.0000025 0.0108236 0.0108236 0.0108236 0.0117133 0.0108524 0.0108236 0.0108236 0.0059172 0.0035213 0.0108236 0.0108236 0.0108236 0.0046957 0.0035156 0.0035209 0.0046957 0.0175124 0.0192858 0.0120448 0.0167142 0.0121927 0.0108236 0.0116065 0.0108236 0.0150998 0.0094343 0.0011713 0.0153388 0.0110552 0.0108236 0.0108236 0.0120448 0.0110772 
