196
Nem_0425_6CR_14_F.EukB_MH_24_R_ASV_1            0.0000000 0.0092593 0.0324319 0.0334152 0.0249228 0.0000010 0.0108984 0.0000010 0.0000010 0.0000010 0.0000010 0.0000010 0.0000010 0.0000010 0.0000010 0.0000010 0.0000010 0.0000010 0.0000010 0.0000010 0.0000010 0.0000010 0.0000010 0.0000010 0.0000010 0.0000010 0.0000010 0.0000010 0.0000010 0.0092593 0.0000010 0.0000010 0.0082509 0.0193286 0.0135141 0.0000010 0.0128968 0.0206011 0.0084592 0.0085397 0.0000010 0.0112381 0.0000010 0.0105872 0.0102066 0.0000010 0.0000010 0.0000010 0.0078712 0.0066437 0.0000010 0.0000010 0.0000010 0.0000010 0.0000010 0.0000010 0.0000010 0.0000010 0.0000010 0.0000010 0.0000010 0.0000010 0.0000010 0.0000010 0.0000010 0.0000010 0.0000010 0.0000010 0.0000010 0.0000010 0.0077877 0.0289431 0.0354345 0.0180162 0.0392768 0.0184425 0.1145364 0.0247226 0.0269787 0.0725582 0.0410689 0.0296992 0.0000010 0.0000010 0.0000010 0.0000010 0.0000010 0.0000010 0.0000010 0.0000010 0.0092593 0.0000010 0.0000010 0.0000010 0.0000010 0.0000010 0.0000010 0.0000010 0.0000010 0.0000010 0.0000010 0.0000010 0.0000010 0.0000010 0.0000010 0.0000010 0.0000010 0.0000010 0.0000010 0.0000010 0.0000010 0.0000010 0.0000010 0.0000010 0.0000010 0.0000010 0.0000010 0.0000010 0.0000010 0.0000010 0.0000010 0.0000010 0.0000010 0.0000010 0.0000010 0.0000010 0.0000010 0.0000010 0.0000010 0.0000010 0.0000010 0.0000010 0.0000010 0.0000010 0.0000010 0.0000010 0.0000010 0.0000010 0.0000010 0.0000010 0.0000010 0.0000010 0.0000010 0.0000010 0.0000010 0.0000010 0.0000010 0.0000010 0.0000010 0.0000010 0.0000010 0.0000010 0.0000010 0.0000010 0.0000010 0.0000010 0.0000010 0.0000010 0.0000010 0.0000010 0.0000010 0.0000010 0.0000010 0.0000010 0.0000010 0.0000010 0.0000010 0.0948073 0.0000010 0.0000010 0.0000010 0.0000010 0.0000010 0.0000010 0.0000010 0.0000010 0.0000010 0.0000010 0.0000010 0.0000010 0.0000010 0.0000010 0.0000010 0.0000010 0.0000010 0.0000010 0.0000010 0.0000010 0.0000010 0.0000010 0.0000010 0.0000010 0.0000010 0.0000010 0.0000010 0.0000010 
Nem_0425_6CR_14_F.EukB_MH_24_R_ASV_2            0.0092593 0.0000000 0.0324319 0.0334152 0.0249228 0.0000010 0.0108984 0.0000010 0.0000010 0.0000010 0.0000010 0.0000010 0.0000010 0.0000010 0.0000010 0.0000010 0.0000010 0.0000010 0.0000010 0.0000010 0.0000010 0.0000010 0.0000010 0.0000010 0.0000010 0.0000010 0.0000010 0.0000010 0.0000010 0.0000010 0.0000010 0.0000010 0.0082509 0.0093378 0.0135141 0.0000010 0.0128968 0.0206011 0.0084592 0.0085397 0.0000010 0.0112381 0.0000010 0.0105872 0.0102066 0.0000010 0.0000010 0.0000010 0.0078712 0.0066437 0.0000010 0.0000010 0.0000010 0.0000010 0.0000010 0.0000010 0.0000010 0.0000010 0.0000010 0.0000010 0.0000010 0.0000010 0.0000010 0.0000010 0.0000010 0.0000010 0.0000010 0.0000010 0.0000010 0.0000010 0.0077877 0.0289431 0.0354345 0.0180162 0.0392768 0.0184425 0.1145364 0.0247226 0.0269787 0.0725582 0.0410689 0.0296992 0.0000010 0.0000010 0.0000010 0.0000010 0.0000010 0.0000010 0.0000010 0.0000010 0.0000010 0.0000010 0.0000010 0.0000010 0.0000010 0.0000010 0.0000010 0.0000010 0.0000010 0.0000010 0.0000010 0.0000010 0.0000010 0.0000010 0.0000010 0.0000010 0.0000010 0.0000010 0.0000010 0.0000010 0.0000010 0.0000010 0.0000010 0.0000010 0.0000010 0.0000010 0.0000010 0.0000010 0.0000010 0.0000010 0.0000010 0.0000010 0.0000010 0.0000010 0.0000010 0.0000010 0.0000010 0.0000010 0.0000010 0.0000010 0.0000010 0.0000010 0.0000010 0.0000010 0.0000010 0.0000010 0.0000010 0.0000010 0.0000010 0.0000010 0.0000010 0.0000010 0.0000010 0.0000010 0.0000010 0.0000010 0.0000010 0.0000010 0.0000010 0.0000010 0.0000010 0.0000010 0.0000010 0.0000010 0.0000010 0.0000010 0.0000010 0.0000010 0.0000010 0.0000010 0.0000010 0.0000010 0.0000010 0.0000010 0.0000010 0.0000010 0.0000010 0.0948073 0.0000010 0.0000010 0.0000010 0.0000010 0.0000010 0.0000010 0.0000010 0.0000010 0.0000010 0.0000010 0.0000010 0.0000010 0.0000010 0.0000010 0.0000010 0.0000010 0.0000010 0.0000010 0.0000010 0.0000010 0.0000010 0.0000010 0.0000010 0.0000010 0.0000010 0.0000010 0.0000010 0.0000010 
JQ993669_Isospora_sp._ex_Talpa_europaea         0.0324319 0.0324319 0.0000000 0.0067590 0.0135638 0.0243069 0.0253958 0.0243876 0.0244224 0.0368376 0.0237445 0.0277337 0.0216653 0.0326651 0.0216653 0.0223455 0.0248164 0.0243643 0.0330258 0.0234974 0.0235466 0.0244224 0.0226073 0.0252746 0.0209757 0.0243643 0.0261362 0.0234465 0.0261827 0.0261538 0.0254343 0.0261169 0.0225039 0.0234961 0.0296715 0.0359613 0.0588011 0.0224781 0.0242768 0.0252236 0.0243069 0.0245497 0.0252371 0.0225590 0.0224899 0.0234047 0.0234100 0.0224936 0.0208255 0.0252788 0.0237896 0.0243643 0.0286420 0.0243820 0.0270918 0.0275233 0.0244224 0.0243643 0.0235732 0.0243643 0.0253327 0.0243820 0.0233067 0.0246976 0.0246098 0.0244224 0.0244224 0.0197027 0.0280757 0.0285609 0.0233198 0.0216498 0.0272328 0.0207761 0.0216013 0.0319883 0.0451603 0.0216591 0.0262190 0.0272097 0.0207048 0.0215805 0.0232162 0.0235256 0.0234804 0.0234465 0.0344874 0.0234586 0.0346169 0.0239042 0.0252019 0.0256244 0.0242764 0.0274296 0.0285511 0.0274972 0.0274972 0.0245626 0.0296388 0.0267025 0.0274745 0.0297114 0.0253744 0.0264873 0.0276596 0.0235016 0.0253744 0.0250402 0.0274655 0.0285275 0.0264414 0.0224622 0.0264355 0.0244445 0.0274425 0.0275720 0.0244119 0.0285950 0.0269764 0.0275050 0.0240897 0.0277749 0.0272643 0.0253448 0.0274745 0.0270408 0.0267661 0.0260747 0.0259963 0.0264610 0.0282779 0.0274972 0.0266062 0.0267402 0.0264938 0.0242764 0.0291104 0.0282090 0.0236955 0.0260641 0.0263621 0.0265967 0.0239642 0.0274425 0.0280140 0.0269094 0.0266997 0.0263109 0.0279322 0.0285319 0.0270408 0.0282056 0.0285275 0.0270408 0.0276638 0.0270408 0.0264414 0.0270542 0.0254343 0.0263043 0.0256402 0.0365741 0.0236314 0.0264880 0.0262873 0.0264125 0.0293959 0.0325057 0.0262245 0.0283912 0.0263694 0.0244682 0.0262059 0.0262059 0.0262873 0.0274268 0.0235745 0.0236777 0.0245712 0.0274904 0.0338319 0.0279979 0.0244141 0.0266676 0.0255472 0.0280953 0.0297704 0.0246043 0.0274373 0.0210771 0.0328326 0.0247633 0.0254617 0.0256244 0.0284888 0.0259755 
JQ993670_Isospora_sp._ex_Talpa_europaea         0.0334152 0.0334152 0.0067590 0.0000000 0.0138420 0.0323903 0.0365510 0.0324324 0.0324971 0.0740146 0.0299488 0.0337796 0.0299488 0.0445888 0.0299488 0.0299488 0.0332692 0.0323903 0.0575080 0.0311960 0.0312871 0.0324971 0.0312903 0.0337547 0.0210304 0.0323903 0.0349643 0.0312031 0.0350480 0.0349603 0.0353807 0.0366746 0.0351573 0.0312939 0.0458340 0.0392805 0.0420794 0.0338840 0.0363930 0.0364292 0.0323903 0.0354605 0.0337049 0.0351628 0.0351269 0.0336603 0.0338196 0.0337447 0.0327306 0.0377913 0.0330044 0.0323903 0.0323903 0.0324230 0.0338566 0.0402839 0.0324971 0.0323903 0.0313342 0.0323903 0.0324971 0.0324230 0.0247174 0.0330044 0.0332348 0.0324971 0.0324971 0.0197511 0.0364879 0.0447513 0.0349922 0.0300996 0.0340437 0.0288808 0.0326152 0.0448534 0.0519870 0.0300996 0.0378971 0.0366297 0.0313686 0.0312628 0.0320234 0.0316620 0.0311646 0.0312031 0.0484466 0.0311340 0.0593332 0.0319452 0.0336405 0.0349190 0.0341719 0.0394004 0.0408312 0.0392458 0.0392458 0.0365581 0.0424863 0.0373401 0.0391972 0.0408312 0.0358375 0.0334066 0.0392959 0.0319247 0.0358375 0.0336413 0.0389059 0.0407805 0.0360221 0.0317039 0.0347176 0.0329559 0.0374801 0.0394026 0.0342132 0.0409218 0.0349190 0.0376020 0.0322910 0.0396110 0.0371401 0.0342148 0.0391972 0.0367126 0.0361898 0.0369525 0.0356397 0.0360601 0.0396463 0.0392458 0.0395967 0.0361411 0.0366137 0.0341719 0.0373680 0.0339046 0.0319846 0.0351327 0.0354316 0.0347138 0.0324969 0.0374801 0.0353962 0.0364612 0.0360650 0.0357726 0.0379590 0.0391127 0.0367126 0.0384818 0.0407805 0.0367126 0.0411966 0.0367126 0.0360221 0.0372111 0.0353807 0.0356908 0.0356300 0.0496575 0.0301771 0.0356660 0.0352926 0.0355257 0.0414221 0.0444112 0.0351752 0.0446331 0.0352452 0.0325291 0.0351403 0.0351403 0.0352926 0.0382802 0.0322199 0.0324192 0.0336676 0.0774134 0.0377296 0.0390847 0.0634055 0.0369594 0.0352582 0.0361651 0.0415549 0.0648283 0.0391194 0.0297907 0.0394270 0.0378164 0.0350887 0.0349190 0.0406995 0.0407164 
JQ993671_Isospora_sp._ex_Talpa_europaea         0.0249228 0.0249228 0.0135638 0.0138420 0.0000000 0.0361402 0.0353532 0.0365162 0.0365644 0.0513965 0.0286664 0.0328215 0.0349390 0.0400529 0.0348444 0.0280719 0.0368969 0.0362340 0.0473921 0.0356974 0.0357655 0.0364634 0.0361295 0.0366828 0.0270907 0.0364849 0.0383100 0.0348716 0.0382242 0.0373167 0.0348239 0.0394635 0.0317922 0.0341247 0.0388888 0.0463427 0.0664102 0.0299917 0.0333573 0.0342034 0.0367583 0.0377502 0.0376259 0.0322814 0.0321911 0.0391514 0.0368777 0.0349715 0.0314528 0.0366249 0.0369713 0.0353409 0.0335018 0.0365093 0.0320518 0.0334734 0.0365644 0.0364849 0.0355233 0.0358370 0.0332456 0.0359095 0.0261568 0.0362953 0.0372290 0.0365644 0.0366998 0.0254198 0.0392246 0.0431504 0.0353299 0.0284571 0.0367339 0.0276996 0.0284025 0.0400744 0.0535275 0.0284676 0.0324559 0.0341240 0.0276175 0.0292091 0.0322897 0.0351261 0.0356735 0.0369646 0.0440345 0.0355826 0.0416083 0.0370683 0.0364550 0.0390132 0.0328566 0.0390270 0.0397814 0.0386425 0.0386425 0.0369957 0.0409574 0.0345586 0.0386529 0.0410604 0.0340006 0.0382522 0.0389540 0.0324879 0.0339627 0.0379488 0.0361729 0.0397025 0.0376482 0.0347286 0.0391020 0.0375473 0.0402072 0.0419658 0.0330431 0.0398425 0.0378271 0.0409160 0.0366777 0.0395345 0.0403804 0.0378165 0.0386094 0.0383114 0.0391592 0.0355373 0.0373709 0.0391016 0.0405111 0.0386860 0.0391016 0.0405775 0.0390227 0.0328202 0.0377439 0.0338711 0.0349497 0.0383905 0.0385864 0.0395543 0.0373248 0.0402072 0.0364164 0.0398934 0.0396063 0.0394783 0.0388708 0.0412336 0.0396709 0.0412636 0.0397025 0.0394907 0.0421801 0.0394907 0.0392538 0.0404492 0.0348239 0.0385624 0.0378368 0.0483304 0.0345082 0.0388732 0.0384869 0.0386536 0.0416801 0.0446281 0.0384024 0.0396931 0.0372527 0.0363429 0.0380786 0.0380786 0.0382121 0.0408763 0.0367044 0.0368454 0.0376114 0.0490692 0.0412491 0.0410737 0.0456820 0.0394525 0.0386703 0.0390844 0.0425819 0.0425901 0.0387736 0.0326508 0.0435225 0.0383301 0.0370365 0.0370512 0.0397133 0.0402022 
JQ993665_Eimeria_nafuko                         0.0000010 0.0000010 0.0243069 0.0323903 0.0361402 0.0000000 0.0176913 0.0007357 0.0007366 0.0050838 0.0042747 0.0054177 0.0044592 0.0000010 0.0044592 0.0040358 0.0007473 0.0007351 0.0035158 0.0029531 0.0007372 0.0007366 0.0052211 0.0062242 0.0013374 0.0007351 0.0021929 0.0021921 0.0021950 0.0029273 0.0009115 0.0108391 0.0151090 0.0044064 0.0220721 0.0184203 0.0271157 0.0198860 0.0174500 0.0174511 0.0007283 0.0067641 0.0051425 0.0152577 0.0152168 0.0082261 0.0074238 0.0112482 0.0137241 0.0174849 0.0007442 0.0000010 0.0030886 0.0007356 0.0010534 0.0012819 0.0007366 0.0007351 0.0007381 0.0000010 0.0000010 0.0000010 0.0000010 0.0000010 0.0007665 0.0007366 0.0007366 0.0000010 0.0120204 0.0039987 0.0167756 0.0191493 0.0265335 0.0199506 0.0183292 0.0291156 0.0425327 0.0191565 0.0240069 0.0240323 0.0183211 0.0190949 0.0027066 0.0023530 0.0029513 0.0036662 0.0000010 0.0029490 0.0163740 0.0029966 0.0014580 0.0110507 0.0028394 0.0076073 0.0096856 0.0106584 0.0106584 0.0068402 0.0106867 0.0009600 0.0106617 0.0107115 0.0000024 0.0102027 0.0107383 0.0035305 0.0000024 0.0007523 0.0018942 0.0096679 0.0103341 0.0056555 0.0094019 0.0038279 0.0118045 0.0132258 0.0028541 0.0116716 0.0101563 0.0118272 0.0030163 0.0076987 0.0109240 0.0007601 0.0106503 0.0102547 0.0107512 0.0000025 0.0113361 0.0109919 0.0114376 0.0106699 0.0107776 0.0107422 0.0105646 0.0028364 0.0010402 0.0000010 0.0023420 0.0015110 0.0106112 0.0030914 0.0015535 0.0118045 0.0113346 0.0108008 0.0107288 0.0109377 0.0093807 0.0110505 0.0108459 0.0101316 0.0096679 0.0108459 0.0113035 0.0108459 0.0109850 0.0121938 0.0009115 0.0094361 0.0106800 0.0123784 0.0022581 0.0106552 0.0105851 0.0106288 0.0103785 0.0155237 0.0105633 0.0123606 0.0022245 0.0007378 0.0105569 0.0105569 0.0105851 0.0032708 0.0007918 0.0007948 0.0015867 0.0155310 0.0136053 0.0115595 0.0205213 0.0101966 0.0113855 0.0092893 0.0148304 0.0173835 0.0106925 0.0031764 0.0122519 0.0095750 0.0106695 0.0104305 0.0105165 0.0100065 
JQ993659_Eimeria_alorani                        0.0108984 0.0108984 0.0253958 0.0365510 0.0353532 0.0176913 0.0000000 0.0166930 0.0166791 0.0291277 0.0154485 0.0156208 0.0174824 0.0223572 0.0176762 0.0156499 0.0169169 0.0166791 0.0248283 0.0159123 0.0159418 0.0166791 0.0198762 0.0212101 0.0067497 0.0166791 0.0182643 0.0182564 0.0182820 0.0190469 0.0170482 0.0214200 0.0066621 0.0199002 0.0098326 0.0291265 0.0457469 0.0112010 0.0029308 0.0044057 0.0174923 0.0183060 0.0198441 0.0021922 0.0021922 0.0222195 0.0190631 0.0089489 0.0097944 0.0044141 0.0168461 0.0172728 0.0171187 0.0166791 0.0152924 0.0173256 0.0166791 0.0166791 0.0167476 0.0170515 0.0158324 0.0171052 0.0087215 0.0172293 0.0165361 0.0166791 0.0166791 0.0063707 0.0223402 0.0205811 0.0151169 0.0112522 0.0207563 0.0120233 0.0119925 0.0223931 0.0343986 0.0112563 0.0159266 0.0159429 0.0119874 0.0112206 0.0168218 0.0179674 0.0159123 0.0184354 0.0235604 0.0159126 0.0059840 0.0162718 0.0174541 0.0208223 0.0156689 0.0224808 0.0229542 0.0239614 0.0239614 0.0201442 0.0240261 0.0179882 0.0239682 0.0240838 0.0167047 0.0198298 0.0241463 0.0154915 0.0166867 0.0170710 0.0187255 0.0229107 0.0212124 0.0205222 0.0190044 0.0164755 0.0214741 0.0254051 0.0157533 0.0250557 0.0228052 0.0216675 0.0162275 0.0227594 0.0213914 0.0172145 0.0239421 0.0219134 0.0210036 0.0179671 0.0224479 0.0206328 0.0257677 0.0239876 0.0242361 0.0218571 0.0245826 0.0156521 0.0195613 0.0122454 0.0162183 0.0178861 0.0207263 0.0190554 0.0175981 0.0214741 0.0222348 0.0211472 0.0210036 0.0205753 0.0209068 0.0210403 0.0211912 0.0205745 0.0229107 0.0214337 0.0220460 0.0214337 0.0206196 0.0261110 0.0170482 0.0238215 0.0200655 0.0300789 0.0164364 0.0208129 0.0206748 0.0207610 0.0246475 0.0259448 0.0206876 0.0240729 0.0174933 0.0166962 0.0206748 0.0206748 0.0206876 0.0201904 0.0170951 0.0171599 0.0179437 0.0413567 0.0268478 0.0217067 0.0368405 0.0218408 0.0213778 0.0252821 0.0249903 0.0319986 0.0240397 0.0155847 0.0264746 0.0227218 0.0219199 0.0214159 0.0225464 0.0237793 
KU174470_Eimeria_apionodes                      0.0000010 0.0000010 0.0243876 0.0324324 0.0365162 0.0007357 0.0166930 0.0000000 0.0000020 0.0036598 0.0042797 0.0054240 0.0036274 0.0000028 0.0037065 0.0040402 0.0000021 0.0000020 0.0035212 0.0021623 0.0000020 0.0000020 0.0058748 0.0062299 0.0013374 0.0000020 0.0021635 0.0028858 0.0014419 0.0021635 0.0009124 0.0100388 0.0141396 0.0043550 0.0207477 0.0173859 0.0259073 0.0188334 0.0164417 0.0164427 0.0007199 0.0058723 0.0043430 0.0141406 0.0141320 0.0080381 0.0065833 0.0118597 0.0127927 0.0180312 0.0000020 0.0000021 0.0030928 0.0000020 0.0010546 0.0012836 0.0000020 0.0000020 0.0000020 0.0000021 0.0000022 0.0000021 0.0000010 0.0000021 0.0000021 0.0000020 0.0000020 0.0000010 0.0111025 0.0029029 0.0165751 0.0189196 0.0262099 0.0197109 0.0181099 0.0287577 0.0401341 0.0189267 0.0237162 0.0237410 0.0181020 0.0188665 0.0027093 0.0023546 0.0021610 0.0029450 0.0000028 0.0021610 0.0164109 0.0022379 0.0007184 0.0101563 0.0028424 0.0076164 0.0096962 0.0106701 0.0106701 0.0068480 0.0106983 0.0009610 0.0106733 0.0107232 0.0000024 0.0091888 0.0107501 0.0035341 0.0000024 0.0000021 0.0009469 0.0096783 0.0103430 0.0056616 0.0084090 0.0030272 0.0107848 0.0132391 0.0028571 0.0116844 0.0101674 0.0109598 0.0022163 0.0077082 0.0100259 0.0000021 0.0106619 0.0102645 0.0097462 0.0000025 0.0113461 0.0099509 0.0114510 0.0106815 0.0107898 0.0106424 0.0105753 0.0028393 0.0010413 0.0000010 0.0023436 0.0007371 0.0096141 0.0022610 0.0007677 0.0107848 0.0113475 0.0099142 0.0098487 0.0100386 0.0093897 0.0102603 0.0098622 0.0092436 0.0096783 0.0100450 0.0102989 0.0100450 0.0099864 0.0122063 0.0009124 0.0094472 0.0096746 0.0123970 0.0022600 0.0096802 0.0095910 0.0096296 0.0103897 0.0144234 0.0095717 0.0110646 0.0014475 0.0000020 0.0095661 0.0095661 0.0095910 0.0023888 0.0000021 0.0000021 0.0007732 0.0155634 0.0136238 0.0104506 0.0195550 0.0102063 0.0102975 0.0093012 0.0136384 0.0150228 0.0107042 0.0031792 0.0122669 0.0095853 0.0106800 0.0104396 0.0105269 0.0100177 
KU174461_Eimeria_apionodes                      0.0000010 0.0000010 0.0244224 0.0324971 0.0365644 0.0007366 0.0166791 0.0000020 0.0000000 0.0036548 0.0042834 0.0054337 0.0036294 0.0000010 0.0037087 0.0040436 0.0000010 0.0000010 0.0035158 0.0021635 0.0000026 0.0000010 0.0058783 0.0062393 0.0013374 0.0000010 0.0021659 0.0028897 0.0014437 0.0021660 0.0009115 0.0100297 0.0141559 0.0043606 0.0207303 0.0174073 0.0259408 0.0188566 0.0164618 0.0164628 0.0007208 0.0058675 0.0043486 0.0141483 0.0141483 0.0080474 0.0065910 0.0118736 0.0128085 0.0180533 0.0000010 0.0000010 0.0030974 0.0000010 0.0010534 0.0012819 0.0000010 0.0000010 0.0000026 0.0000010 0.0000010 0.0000010 0.0000010 0.0000010 0.0000010 0.0000010 0.0000010 0.0000010 0.0111154 0.0029004 0.0165955 0.0189431 0.0262433 0.0197354 0.0181323 0.0287949 0.0411148 0.0189501 0.0237461 0.0237709 0.0181244 0.0188898 0.0027066 0.0023530 0.0021635 0.0029488 0.0000010 0.0021635 0.0163740 0.0022362 0.0007192 0.0101468 0.0028394 0.0076073 0.0096856 0.0106584 0.0106584 0.0068402 0.0106867 0.0009600 0.0106617 0.0107115 0.0000024 0.0091810 0.0107383 0.0035305 0.0000024 0.0000021 0.0018942 0.0096679 0.0103341 0.0056555 0.0084020 0.0030246 0.0107749 0.0132258 0.0028541 0.0116716 0.0101563 0.0109496 0.0022145 0.0076987 0.0100169 0.0000010 0.0106503 0.0102547 0.0097377 0.0000025 0.0113361 0.0099419 0.0114376 0.0106699 0.0107776 0.0106329 0.0105646 0.0028364 0.0010402 0.0000010 0.0023420 0.0007365 0.0096060 0.0022592 0.0007670 0.0107749 0.0113346 0.0099052 0.0098400 0.0100293 0.0093807 0.0102508 0.0098535 0.0092354 0.0096679 0.0100359 0.0102889 0.0100359 0.0099773 0.0121938 0.0009115 0.0094361 0.0096666 0.0123784 0.0022581 0.0096721 0.0095829 0.0096215 0.0103785 0.0144108 0.0095829 0.0110532 0.0014464 0.0000010 0.0095773 0.0095773 0.0095829 0.0023867 0.0000010 0.0000021 0.0007725 0.0155310 0.0136053 0.0104412 0.0195227 0.0101966 0.0102882 0.0092893 0.0136258 0.0149979 0.0106925 0.0031764 0.0122519 0.0095750 0.0106695 0.0104305 0.0105165 0.0100065 
KU174464_Eimeria_apionodes                      0.0000010 0.0000010 0.0368376 0.0740146 0.0513965 0.0050838 0.0291277 0.0036598 0.0036548 0.0000000 0.0164706 0.0199658 0.0086613 0.0056516 0.0089887 0.0142958 0.0036548 0.0036548 0.0067072 0.0061128 0.0000021 0.0036548 0.0126330 0.0162774 0.0129870 0.0036548 0.0061308 0.0061128 0.0048921 0.0048871 0.0060790 0.0156793 0.0203453 0.0098887 0.0285884 0.0275396 0.0447300 0.0273019 0.0285023 0.0271663 0.0048983 0.0112387 0.0073810 0.0244160 0.0244160 0.0150214 0.0112383 0.0231258 0.0234833 0.0300186 0.0036597 0.0039456 0.0150974 0.0036548 0.0105733 0.0070024 0.0036548 0.0036548 0.0036793 0.0038617 0.0049063 0.0038819 0.0076551 0.0038684 0.0036583 0.0036548 0.0036754 0.0087274 0.0164553 0.0061128 0.0302430 0.0302539 0.0419266 0.0316303 0.0287950 0.0481709 0.0630242 0.0302735 0.0302012 0.0347220 0.0287635 0.0273933 0.0075751 0.0066653 0.0061128 0.0076239 0.0053538 0.0061190 0.0243035 0.0063236 0.0048809 0.0154819 0.0076294 0.0155556 0.0140895 0.0156649 0.0156649 0.0141856 0.0157516 0.0062505 0.0156919 0.0157912 0.0045658 0.0138490 0.0158346 0.0076581 0.0045581 0.0037407 0.0076451 0.0140653 0.0161195 0.0118818 0.0138529 0.0062483 0.0152034 0.0188376 0.0076841 0.0156919 0.0173290 0.0155805 0.0061537 0.0157937 0.0154435 0.0036548 0.0156649 0.0162664 0.0151200 0.0049613 0.0160848 0.0150991 0.0173951 0.0156919 0.0157991 0.0167913 0.0149884 0.0076166 0.0053538 0.0092842 0.0065277 0.0048809 0.0150991 0.0073928 0.0049888 0.0152034 0.0243245 0.0154435 0.0154435 0.0154435 0.0147136 0.0144051 0.0152034 0.0141286 0.0140653 0.0156793 0.0141286 0.0156793 0.0152034 0.0165566 0.0060790 0.0193654 0.0151727 0.0190870 0.0065794 0.0151718 0.0150991 0.0150991 0.0156069 0.0152141 0.0150991 0.0150991 0.0061523 0.0036609 0.0150991 0.0150991 0.0150991 0.0048809 0.0036548 0.0036598 0.0048809 0.0156107 0.0277562 0.0138142 0.0195999 0.0154101 0.0150991 0.0202455 0.0150991 0.0150574 0.0157991 0.0079076 0.0208152 0.0170215 0.0160848 0.0162069 0.0147612 0.0170610 
KU174480_Eimeria_apionodes                      0.0000010 0.0000010 0.0237445 0.0299488 0.0286664 0.0042747 0.0154485 0.0042797 0.0042834 0.0164706 0.0000000 0.0054475 0.0000010 0.0063314 0.0000010 0.0000010 0.0043743 0.0042747 0.0063349 0.0032025 0.0032118 0.0042834 0.0010619 0.0042653 0.0000010 0.0042747 0.0064414 0.0032062 0.0064560 0.0064415 0.0062431 0.0090020 0.0131412 0.0032148 0.0217435 0.0132106 0.0121076 0.0177180 0.0142451 0.0142577 0.0042747 0.0043100 0.0053602 0.0131308 0.0131308 0.0042544 0.0042859 0.0064688 0.0132838 0.0154114 0.0043481 0.0042747 0.0042747 0.0042747 0.0053772 0.0069982 0.0042834 0.0042747 0.0042998 0.0042747 0.0042834 0.0042747 0.0024535 0.0043419 0.0045374 0.0042834 0.0042834 0.0012597 0.0097905 0.0051516 0.0166060 0.0143271 0.0189345 0.0132180 0.0143271 0.0273860 0.0375910 0.0143271 0.0236821 0.0200994 0.0132100 0.0154106 0.0036918 0.0033750 0.0032025 0.0032062 0.0070763 0.0031998 0.0235718 0.0032721 0.0053510 0.0092600 0.0039096 0.0085919 0.0119943 0.0106432 0.0106432 0.0080467 0.0133690 0.0065481 0.0106320 0.0133971 0.0052371 0.0080335 0.0106549 0.0047278 0.0052371 0.0044178 0.0078712 0.0119815 0.0091796 0.0039906 0.0091883 0.0045035 0.0103706 0.0106818 0.0039135 0.0120189 0.0092600 0.0103998 0.0033035 0.0086329 0.0091048 0.0044847 0.0106320 0.0090101 0.0088964 0.0053810 0.0106269 0.0091880 0.0107407 0.0106432 0.0107292 0.0088855 0.0108882 0.0039096 0.0065526 0.0048222 0.0034054 0.0055564 0.0087290 0.0057017 0.0057896 0.0103706 0.0087215 0.0089559 0.0088694 0.0091218 0.0101331 0.0116127 0.0090101 0.0102581 0.0119815 0.0090101 0.0120912 0.0090101 0.0091796 0.0118820 0.0062431 0.0082282 0.0087735 0.0130693 0.0032260 0.0087812 0.0086981 0.0087498 0.0121622 0.0158131 0.0086802 0.0107890 0.0064879 0.0042871 0.0086727 0.0086727 0.0086981 0.0087586 0.0047667 0.0047935 0.0059756 0.0279470 0.0111836 0.0124163 0.0214118 0.0109798 0.0096768 0.0068944 0.0148015 0.0217670 0.0106128 0.0034621 0.0116271 0.0071692 0.0096358 0.0092600 0.0119600 0.0076454 
KU174483_Eimeria_apionodes                      0.0000010 0.0000010 0.0277337 0.0337796 0.0328215 0.0054177 0.0156208 0.0054240 0.0054337 0.0199658 0.0054475 0.0000000 0.0054475 0.0080886 0.0054475 0.0054475 0.0055506 0.0054177 0.0086978 0.0043342 0.0043459 0.0054337 0.0065655 0.0076306 0.0040463 0.0054177 0.0076199 0.0043355 0.0076374 0.0076200 0.0076216 0.0126622 0.0144390 0.0021580 0.0232510 0.0156885 0.0110862 0.0214945 0.0155594 0.0155733 0.0054177 0.0077194 0.0043181 0.0144406 0.0144274 0.0098534 0.0076684 0.0076527 0.0169632 0.0167484 0.0055169 0.0054177 0.0054177 0.0054225 0.0065487 0.0085612 0.0054337 0.0054177 0.0054495 0.0054177 0.0054337 0.0054225 0.0036910 0.0055102 0.0057609 0.0054337 0.0054337 0.0025267 0.0133317 0.0070335 0.0203562 0.0180118 0.0227594 0.0168773 0.0180118 0.0314906 0.0420467 0.0180118 0.0276580 0.0239597 0.0168668 0.0191147 0.0024833 0.0022685 0.0043304 0.0021522 0.0090640 0.0043267 0.0267921 0.0044287 0.0065106 0.0130332 0.0053077 0.0132669 0.0164288 0.0150333 0.0150333 0.0124011 0.0178552 0.0080006 0.0150168 0.0164288 0.0066651 0.0117451 0.0150503 0.0060066 0.0066651 0.0056063 0.0093504 0.0164108 0.0129171 0.0081987 0.0129305 0.0057172 0.0141519 0.0150889 0.0053133 0.0164634 0.0130332 0.0141931 0.0044719 0.0133318 0.0128101 0.0056929 0.0150168 0.0126739 0.0125101 0.0068519 0.0145107 0.0129293 0.0151741 0.0150333 0.0151573 0.0124946 0.0148760 0.0053077 0.0080067 0.0060318 0.0046120 0.0067703 0.0122699 0.0069501 0.0070590 0.0141519 0.0122590 0.0125957 0.0124714 0.0128343 0.0138211 0.0154548 0.0126739 0.0139956 0.0164108 0.0126739 0.0165641 0.0126739 0.0129171 0.0158207 0.0076216 0.0126904 0.0123337 0.0185738 0.0043654 0.0123448 0.0122255 0.0122998 0.0166650 0.0196432 0.0121886 0.0159004 0.0076827 0.0054384 0.0121778 0.0121778 0.0122255 0.0101836 0.0060568 0.0060907 0.0072896 0.0404648 0.0152899 0.0165503 0.0323360 0.0150044 0.0136344 0.0113427 0.0189668 0.0329163 0.0149892 0.0046900 0.0159130 0.0118086 0.0135751 0.0130332 0.0163806 0.0126174 
KU174462_Eimeria_apionodes                      0.0000010 0.0000010 0.0216653 0.0299488 0.0349390 0.0044592 0.0174824 0.0036274 0.0036294 0.0086613 0.0000010 0.0054475 0.0000000 0.0063488 0.0000010 0.0000010 0.0036812 0.0036244 0.0047334 0.0028979 0.0029029 0.0036294 0.0021782 0.0035265 0.0000010 0.0036244 0.0058269 0.0036286 0.0050976 0.0058269 0.0055392 0.0076815 0.0149187 0.0051066 0.0207602 0.0150501 0.0301436 0.0180379 0.0172295 0.0172305 0.0043626 0.0036485 0.0050967 0.0149106 0.0149106 0.0043377 0.0028970 0.0126299 0.0120121 0.0188267 0.0036664 0.0037906 0.0072901 0.0036244 0.0053240 0.0064947 0.0036294 0.0036244 0.0036389 0.0037437 0.0042799 0.0037551 0.0024535 0.0037892 0.0037748 0.0036294 0.0036416 0.0012597 0.0088426 0.0038981 0.0157838 0.0181203 0.0246105 0.0173593 0.0173148 0.0279145 0.0401578 0.0181271 0.0228973 0.0229211 0.0157693 0.0180696 0.0036357 0.0031577 0.0028979 0.0037033 0.0066788 0.0028979 0.0207664 0.0029999 0.0043534 0.0077709 0.0038154 0.0065005 0.0086933 0.0077097 0.0077097 0.0058469 0.0096886 0.0058375 0.0077120 0.0097110 0.0047850 0.0068559 0.0077671 0.0044453 0.0047799 0.0037552 0.0067184 0.0086774 0.0079129 0.0028128 0.0076215 0.0038043 0.0084293 0.0105287 0.0038353 0.0087063 0.0073483 0.0085653 0.0029707 0.0065779 0.0076717 0.0037433 0.0077038 0.0078533 0.0074588 0.0051371 0.0088656 0.0076146 0.0082702 0.0077179 0.0077957 0.0083186 0.0078844 0.0038114 0.0063324 0.0048222 0.0031428 0.0044653 0.0073582 0.0060884 0.0046522 0.0084293 0.0081950 0.0075866 0.0075368 0.0076812 0.0085800 0.0094411 0.0075470 0.0084472 0.0086774 0.0076862 0.0094085 0.0076862 0.0076416 0.0095343 0.0055392 0.0062542 0.0074044 0.0109601 0.0030296 0.0074086 0.0073406 0.0073701 0.0093132 0.0120837 0.0073304 0.0082469 0.0051146 0.0036351 0.0073261 0.0073261 0.0073406 0.0064359 0.0038972 0.0039116 0.0046855 0.0135149 0.0136182 0.0096160 0.0148892 0.0093244 0.0078786 0.0057678 0.0111708 0.0104084 0.0077342 0.0039965 0.0111028 0.0066665 0.0081697 0.0079865 0.0096162 0.0069653 
KU174463_Eimeria_apionodes                      0.0000010 0.0000010 0.0326651 0.0445888 0.0400529 0.0000010 0.0223572 0.0000028 0.0000010 0.0056516 0.0063314 0.0080886 0.0063488 0.0000000 0.0063488 0.0058210 0.0000010 0.0000010 0.0047200 0.0037666 0.0000024 0.0000010 0.0076567 0.0076491 0.0020105 0.0000010 0.0025088 0.0037717 0.0025154 0.0025045 0.0012498 0.0102683 0.0141653 0.0037782 0.0224103 0.0156828 0.0215887 0.0210726 0.0195550 0.0209145 0.0000010 0.0089593 0.0050371 0.0182219 0.0182219 0.0115014 0.0102946 0.0129175 0.0184600 0.0210351 0.0000010 0.0000010 0.0045016 0.0000010 0.0015452 0.0014418 0.0000010 0.0000010 0.0000024 0.0000010 0.0000010 0.0000010 0.0000010 0.0000010 0.0000010 0.0000010 0.0000010 0.0000010 0.0129667 0.0040303 0.0225185 0.0197237 0.0280833 0.0211020 0.0183990 0.0341683 0.0419295 0.0197237 0.0224950 0.0239475 0.0197301 0.0197162 0.0037717 0.0037717 0.0037666 0.0037717 0.0000010 0.0037667 0.0164388 0.0037629 0.0012498 0.0102683 0.0037629 0.0089673 0.0089673 0.0102683 0.0102683 0.0089673 0.0102896 0.0012516 0.0102683 0.0102999 0.0000028 0.0089782 0.0102826 0.0037667 0.0000028 0.0000028 0.0025057 0.0089673 0.0102683 0.0076414 0.0089803 0.0037629 0.0102683 0.0102683 0.0037720 0.0102683 0.0102683 0.0102791 0.0037629 0.0089803 0.0102683 0.0000010 0.0102683 0.0102683 0.0102683 0.0000028 0.0102683 0.0102683 0.0102683 0.0102683 0.0102683 0.0102683 0.0102683 0.0037629 0.0012520 0.0000010 0.0037629 0.0012498 0.0102788 0.0025130 0.0012498 0.0102683 0.0117896 0.0102683 0.0102683 0.0102683 0.0089673 0.0089673 0.0102683 0.0089673 0.0089673 0.0102683 0.0089673 0.0102683 0.0102683 0.0102683 0.0012498 0.0118098 0.0103521 0.0124112 0.0037852 0.0102968 0.0102683 0.0102788 0.0090084 0.0102975 0.0102788 0.0102683 0.0025215 0.0000010 0.0102683 0.0102683 0.0102788 0.0025111 0.0000010 0.0000028 0.0012498 0.0189383 0.0127430 0.0089673 0.0207518 0.0089673 0.0102683 0.0105080 0.0102683 0.0209586 0.0102683 0.0050421 0.0106983 0.0102683 0.0102683 0.0102683 0.0089673 0.0102683 
KU174468_Eimeria_apionodes                      0.0000010 0.0000010 0.0216653 0.0299488 0.0348444 0.0044592 0.0176762 0.0037065 0.0037087 0.0089887 0.0000010 0.0054475 0.0000010 0.0063488 0.0000000 0.0000010 0.0037628 0.0037034 0.0047334 0.0029610 0.0029663 0.0037087 0.0022128 0.0035265 0.0000010 0.0037034 0.0052041 0.0037079 0.0052093 0.0059545 0.0055392 0.0076815 0.0152532 0.0044628 0.0212399 0.0153907 0.0308615 0.0184453 0.0176174 0.0176185 0.0044581 0.0037255 0.0052083 0.0152448 0.0152448 0.0036921 0.0029577 0.0113549 0.0122706 0.0176529 0.0037473 0.0037906 0.0072901 0.0037034 0.0053240 0.0064947 0.0037087 0.0037034 0.0037185 0.0037437 0.0042799 0.0037551 0.0024535 0.0037892 0.0038606 0.0037087 0.0037087 0.0012597 0.0090386 0.0040133 0.0161404 0.0177029 0.0234788 0.0169272 0.0168829 0.0276815 0.0401704 0.0177096 0.0225692 0.0225932 0.0153086 0.0176523 0.0036357 0.0031577 0.0029610 0.0037130 0.0066788 0.0029611 0.0207664 0.0030048 0.0044484 0.0078304 0.0038154 0.0065005 0.0086933 0.0077097 0.0077097 0.0058469 0.0096886 0.0058375 0.0077120 0.0097110 0.0047850 0.0070071 0.0077671 0.0044453 0.0047799 0.0037885 0.0067184 0.0086774 0.0079129 0.0028128 0.0077897 0.0038386 0.0085871 0.0105287 0.0038353 0.0087063 0.0073483 0.0086035 0.0030246 0.0065779 0.0077413 0.0038276 0.0077038 0.0078533 0.0076197 0.0051371 0.0088656 0.0077891 0.0082702 0.0077179 0.0077957 0.0076134 0.0078844 0.0038114 0.0063324 0.0048222 0.0031428 0.0045653 0.0075211 0.0062279 0.0046948 0.0085871 0.0081950 0.0076546 0.0076039 0.0077510 0.0085800 0.0094411 0.0076862 0.0085239 0.0086774 0.0076862 0.0095036 0.0076862 0.0077843 0.0095343 0.0055392 0.0062542 0.0075694 0.0109601 0.0030296 0.0075520 0.0075027 0.0075334 0.0093132 0.0123220 0.0074920 0.0084754 0.0052270 0.0037146 0.0074875 0.0074875 0.0075027 0.0065919 0.0039888 0.0040038 0.0047957 0.0135149 0.0136182 0.0098482 0.0155713 0.0093244 0.0080656 0.0057678 0.0114393 0.0108847 0.0077342 0.0039965 0.0111028 0.0066665 0.0081697 0.0079865 0.0096162 0.0069653 
KU174479_Eimeria_apionodes                      0.0000010 0.0000010 0.0223455 0.0299488 0.0280719 0.0040358 0.0156499 0.0040402 0.0040436 0.0142958 0.0000010 0.0054475 0.0000010 0.0058210 0.0000010 0.0000000 0.0041244 0.0040358 0.0056714 0.0030237 0.0030320 0.0040436 0.0010029 0.0040274 0.0000010 0.0040358 0.0060798 0.0030271 0.0060928 0.0060799 0.0058393 0.0084738 0.0123896 0.0030347 0.0204657 0.0124513 0.0114118 0.0166943 0.0134300 0.0144944 0.0040358 0.0040664 0.0050598 0.0123804 0.0123804 0.0040177 0.0040458 0.0061042 0.0125164 0.0145258 0.0041011 0.0040358 0.0072901 0.0040358 0.0053240 0.0064947 0.0040436 0.0040358 0.0040582 0.0040358 0.0040436 0.0040358 0.0024535 0.0040956 0.0042691 0.0040436 0.0040436 0.0012597 0.0092340 0.0047042 0.0156466 0.0135029 0.0178346 0.0124579 0.0135029 0.0257592 0.0352983 0.0135029 0.0222904 0.0189292 0.0124509 0.0145250 0.0034563 0.0031770 0.0030237 0.0030271 0.0064447 0.0030213 0.0208498 0.0030857 0.0050515 0.0087020 0.0036464 0.0079605 0.0111698 0.0099127 0.0099127 0.0074903 0.0124473 0.0061052 0.0099030 0.0124717 0.0048830 0.0075534 0.0099228 0.0044373 0.0048830 0.0041631 0.0073453 0.0111587 0.0086310 0.0037168 0.0086389 0.0042391 0.0097484 0.0099462 0.0036498 0.0111912 0.0087020 0.0097742 0.0031136 0.0079953 0.0085649 0.0042225 0.0099030 0.0084810 0.0083802 0.0050079 0.0099746 0.0086384 0.0099973 0.0099127 0.0099873 0.0083705 0.0102044 0.0036464 0.0061093 0.0048222 0.0032040 0.0052342 0.0082315 0.0064574 0.0054406 0.0097484 0.0082248 0.0084330 0.0083562 0.0085799 0.0095382 0.0109109 0.0084810 0.0096489 0.0111587 0.0084810 0.0112538 0.0084810 0.0086310 0.0111483 0.0058393 0.0076475 0.0082710 0.0119850 0.0030447 0.0082778 0.0082040 0.0082500 0.0113153 0.0148821 0.0081880 0.0099405 0.0061213 0.0040468 0.0081814 0.0081814 0.0082040 0.0081909 0.0044715 0.0044950 0.0056046 0.0222071 0.0136182 0.0116174 0.0173005 0.0102848 0.0090691 0.0064052 0.0138550 0.0175315 0.0098863 0.0032541 0.0108506 0.0066417 0.0090331 0.0087020 0.0111400 0.0070484 
KU174449_Eimeria_apionodes                      0.0000010 0.0000010 0.0248164 0.0332692 0.0368969 0.0007473 0.0169169 0.0000021 0.0000010 0.0036548 0.0043743 0.0055506 0.0036812 0.0000010 0.0037628 0.0041244 0.0000000 0.0000010 0.0035158 0.0021929 0.0000026 0.0000010 0.0059631 0.0063425 0.0013374 0.0000010 0.0021967 0.0029173 0.0021901 0.0021842 0.0009115 0.0100297 0.0142785 0.0043973 0.0206745 0.0183252 0.0261751 0.0190205 0.0167036 0.0167046 0.0007310 0.0059281 0.0044106 0.0143560 0.0143560 0.0081564 0.0066858 0.0135572 0.0129200 0.0198528 0.0000010 0.0000010 0.0031612 0.0000010 0.0010753 0.0012819 0.0000010 0.0000010 0.0000026 0.0000010 0.0000010 0.0000010 0.0000010 0.0000010 0.0000010 0.0000010 0.0000010 0.0000010 0.0119596 0.0028784 0.0167399 0.0191085 0.0264760 0.0199080 0.0182902 0.0290520 0.0405559 0.0191157 0.0239553 0.0239806 0.0182822 0.0182746 0.0027066 0.0023530 0.0021929 0.0029916 0.0000010 0.0021895 0.0163740 0.0022375 0.0007253 0.0109290 0.0028394 0.0086957 0.0106559 0.0116292 0.0116292 0.0078186 0.0116600 0.0009600 0.0116327 0.0116871 0.0000024 0.0099476 0.0117163 0.0035305 0.0000024 0.0000021 0.0018942 0.0106364 0.0111306 0.0065992 0.0091672 0.0030246 0.0115462 0.0141095 0.0028541 0.0126462 0.0110825 0.0117335 0.0022145 0.0088003 0.0107890 0.0000010 0.0116203 0.0110451 0.0104882 0.0000025 0.0121475 0.0107082 0.0124794 0.0116417 0.0117592 0.0113941 0.0114468 0.0028364 0.0010402 0.0000010 0.0023420 0.0007365 0.0104647 0.0022458 0.0007670 0.0115462 0.0125763 0.0106687 0.0106051 0.0108023 0.0101650 0.0110410 0.0106130 0.0100065 0.0106364 0.0108095 0.0111480 0.0108095 0.0107463 0.0130667 0.0009115 0.0104864 0.0112456 0.0137571 0.0022901 0.0105053 0.0104585 0.0104647 0.0114183 0.0128726 0.0104647 0.0118897 0.0014576 0.0000010 0.0103972 0.0103972 0.0104097 0.0023718 0.0000010 0.0000021 0.0007678 0.0174784 0.0148456 0.0111751 0.0207839 0.0110480 0.0110124 0.0104526 0.0143386 0.0163095 0.0116663 0.0031764 0.0133683 0.0105342 0.0114929 0.0112345 0.0113946 0.0110090 
KU174450_Eimeria_apionodes                      0.0000010 0.0000010 0.0243643 0.0323903 0.0362340 0.0007351 0.0166791 0.0000020 0.0000010 0.0036548 0.0042747 0.0054177 0.0036244 0.0000010 0.0037034 0.0040358 0.0000010 0.0000000 0.0035158 0.0021605 0.0000026 0.0000010 0.0058701 0.0062242 0.0013374 0.0000010 0.0021618 0.0028710 0.0021541 0.0021484 0.0009115 0.0100297 0.0140364 0.0043248 0.0206614 0.0172579 0.0257094 0.0186953 0.0164283 0.0164293 0.0007194 0.0058675 0.0043401 0.0141282 0.0141195 0.0080314 0.0065779 0.0133277 0.0126992 0.0195122 0.0000010 0.0000010 0.0030886 0.0000010 0.0010534 0.0012819 0.0000010 0.0000010 0.0000025 0.0000010 0.0000010 0.0000010 0.0000010 0.0000010 0.0000010 0.0000010 0.0000010 0.0000010 0.0110222 0.0028763 0.0164526 0.0187803 0.0260133 0.0195655 0.0179769 0.0285404 0.0407381 0.0187872 0.0235396 0.0235640 0.0179692 0.0187280 0.0027066 0.0023530 0.0021593 0.0029429 0.0000010 0.0021559 0.0163740 0.0022362 0.0007134 0.0101468 0.0028394 0.0076073 0.0096856 0.0106584 0.0106584 0.0068402 0.0106867 0.0009600 0.0106617 0.0107115 0.0000024 0.0091810 0.0107383 0.0035305 0.0000024 0.0000021 0.0018942 0.0096679 0.0103341 0.0056555 0.0084020 0.0030246 0.0107749 0.0132258 0.0028541 0.0116716 0.0101563 0.0109496 0.0022145 0.0076987 0.0100169 0.0000010 0.0106503 0.0102547 0.0097377 0.0000025 0.0113361 0.0099419 0.0114376 0.0106699 0.0107776 0.0106329 0.0105646 0.0028364 0.0010402 0.0000010 0.0023420 0.0007365 0.0096060 0.0022445 0.0007670 0.0107749 0.0113346 0.0099052 0.0098400 0.0100293 0.0093807 0.0102508 0.0098535 0.0092354 0.0096679 0.0100359 0.0102889 0.0100359 0.0099773 0.0121938 0.0009115 0.0094361 0.0096296 0.0123784 0.0022581 0.0096721 0.0095829 0.0096215 0.0103785 0.0144108 0.0095637 0.0109654 0.0014375 0.0000010 0.0094974 0.0094974 0.0095276 0.0023703 0.0000010 0.0000021 0.0007673 0.0155310 0.0136053 0.0103688 0.0192704 0.0101966 0.0102179 0.0092893 0.0135315 0.0148046 0.0106925 0.0031764 0.0122519 0.0095750 0.0106695 0.0104305 0.0105165 0.0100065 
KU174465_Eimeria_apionodes                      0.0000010 0.0000010 0.0330258 0.0575080 0.0473921 0.0035158 0.0248283 0.0035212 0.0035158 0.0067072 0.0063349 0.0086978 0.0047334 0.0047200 0.0047334 0.0056714 0.0035158 0.0035158 0.0000000 0.0000010 0.0023490 0.0035158 0.0059536 0.0105995 0.0029780 0.0035158 0.0047092 0.0023448 0.0047063 0.0047004 0.0052442 0.0108250 0.0195362 0.0047063 0.0261684 0.0225256 0.0428079 0.0261936 0.0247781 0.0273522 0.0035158 0.0071550 0.0023448 0.0234353 0.0234353 0.0095575 0.0071641 0.0183699 0.0198948 0.0261498 0.0035203 0.0035158 0.0119471 0.0035158 0.0082798 0.0056263 0.0035158 0.0035158 0.0035383 0.0035158 0.0041880 0.0035158 0.0027421 0.0035158 0.0035191 0.0035158 0.0035158 0.0000010 0.0120969 0.0000010 0.0263046 0.0276094 0.0346173 0.0263136 0.0236502 0.0431874 0.0571211 0.0276265 0.0275633 0.0318335 0.0223477 0.0248990 0.0025995 0.0023448 0.0000010 0.0023448 0.0045100 0.0000010 0.0184695 0.0000010 0.0046960 0.0108250 0.0000010 0.0116824 0.0107385 0.0093663 0.0093663 0.0108013 0.0121450 0.0053713 0.0093801 0.0121712 0.0039379 0.0096145 0.0094529 0.0000010 0.0039321 0.0035212 0.0065898 0.0107226 0.0108250 0.0063905 0.0120621 0.0000010 0.0108250 0.0133567 0.0000010 0.0093801 0.0102031 0.0108357 0.0000010 0.0118328 0.0108250 0.0035158 0.0093663 0.0108250 0.0108250 0.0042286 0.0108250 0.0108250 0.0102360 0.0093801 0.0094349 0.0108250 0.0090178 0.0000010 0.0045104 0.0070105 0.0000010 0.0046960 0.0108250 0.0071100 0.0046960 0.0108250 0.0134561 0.0108250 0.0108250 0.0108250 0.0120465 0.0120465 0.0108250 0.0120465 0.0107226 0.0108250 0.0120465 0.0108250 0.0108250 0.0103437 0.0052442 0.0118184 0.0108750 0.0138455 0.0000025 0.0108250 0.0108250 0.0108250 0.0117145 0.0108538 0.0108250 0.0108250 0.0059177 0.0035215 0.0108250 0.0108250 0.0108250 0.0046960 0.0035158 0.0035212 0.0046960 0.0175156 0.0192916 0.0120465 0.0167183 0.0121943 0.0108250 0.0116084 0.0108250 0.0151033 0.0094349 0.0011713 0.0153417 0.0110565 0.0108250 0.0108250 0.0120465 0.0110785 
