196
wang1141_13_F.Nem_0425_6_3_R_ASV_1              0.0000000 0.0116495 0.0156096 0.0157278 0.0241451 0.0116495 0.0116495 0.0116495 0.0116495 0.0000010 0.0116495 0.0116495 0.0116495 0.0000010 0.0116495 0.0116495 0.0116495 0.0116495 0.0000010 0.0116495 0.0116495 0.0116495 0.0116495 0.0156251 0.0116495 0.0116495 0.0156096 0.0116495 0.0116495 0.0117117 0.0123781 0.0000010 0.0159212 0.0117116 0.0159374 0.0038400 0.0201768 0.0116611 0.0116495 0.0116495 0.0116495 0.0116495 0.0196080 0.0116495 0.0116495 0.0116495 0.0117380 0.0116495 0.0118019 0.0156096 0.0116495 0.0116495 0.0116495 0.0116495 0.0116495 0.0000010 0.0116495 0.0116495 0.0116495 0.0116495 0.0116495 0.0116495 0.0116495 0.0116495 0.0116495 0.0116495 0.0116495 0.0116495 0.0000010 0.0000010 0.0116495 0.0116495 0.0077692 0.0116855 0.0156096 0.0077281 0.0117116 0.0116495 0.0286179 0.0156096 0.0077281 0.0077281 0.0118606 0.0116495 0.0116495 0.0116495 0.0000010 0.0116495 0.0000010 0.0116495 0.0116495 0.0000010 0.0145732 0.0000010 0.0000010 0.0000010 0.0000010 0.0000010 0.0000010 0.0146297 0.0000010 0.0000010 0.0146297 0.0000010 0.0000010 0.0157551 0.0146297 0.0116495 0.0146297 0.0000010 0.0000010 0.0000010 0.0038056 0.0157551 0.0038403 0.0000010 0.0146297 0.0047899 0.0000010 0.0038403 0.0116495 0.0000010 0.0000010 0.0116495 0.0000010 0.0000010 0.0000010 0.0000010 0.0038403 0.0000010 0.0000010 0.0000010 0.0000010 0.0000010 0.0038403 0.0145732 0.0195752 0.0116495 0.0116495 0.0116495 0.0000010 0.0116495 0.0116495 0.0038403 0.0000010 0.0000010 0.0000010 0.0000010 0.0000010 0.0038403 0.0000010 0.0000010 0.0000010 0.0000010 0.0000010 0.0000010 0.0000010 0.0077997 0.0123781 0.0000010 0.0000010 0.0299205 0.0116495 0.0000010 0.0000010 0.0000010 0.0000010 0.0000010 0.0000010 0.0195715 0.0116495 0.0116495 0.0000010 0.0000010 0.0000010 0.0207694 0.0116495 0.0116495 0.0116495 0.0000010 0.0000010 0.0038339 0.0000010 0.0000010 0.0000010 0.0000010 0.0077943 0.0000010 0.0000010 0.0116495 0.0000010 0.0000010 0.0000010 0.0000010 0.0000010 0.0000010 
wang1141_13_F.Nem_0425_6_3_R_ASV_2              0.0116495 0.0000000 0.0038029 0.0038311 0.0117598 0.0000010 0.0000010 0.0000010 0.0000010 0.0000010 0.0000010 0.0000010 0.0000010 0.0000010 0.0000010 0.0000010 0.0000010 0.0000010 0.0000010 0.0000010 0.0000010 0.0000010 0.0000010 0.0038067 0.0000010 0.0000010 0.0038029 0.0000010 0.0000010 0.0038267 0.0000010 0.0116495 0.0117598 0.0000010 0.0198343 0.0157537 0.0158937 0.0076584 0.0000010 0.0000010 0.0000010 0.0000010 0.0076433 0.0000010 0.0000010 0.0000010 0.0077080 0.0000010 0.0000025 0.0038029 0.0000010 0.0000010 0.0000010 0.0000010 0.0000010 0.0000010 0.0000010 0.0000010 0.0000010 0.0000010 0.0000010 0.0000010 0.0000010 0.0000010 0.0000010 0.0000010 0.0000010 0.0000010 0.0116495 0.0000010 0.0000010 0.0000010 0.0038267 0.0000010 0.0038029 0.0038067 0.0076912 0.0000010 0.0241531 0.0115323 0.0038067 0.0038067 0.0000010 0.0000010 0.0000010 0.0000010 0.0000010 0.0000010 0.0000010 0.0000010 0.0000010 0.0116495 0.0000010 0.0000010 0.0146297 0.0146297 0.0146297 0.0000010 0.0145732 0.0000010 0.0145732 0.0146297 0.0000010 0.0116495 0.0146883 0.0038375 0.0000010 0.0000010 0.0000010 0.0145732 0.0116495 0.0000010 0.0077204 0.0038375 0.0157551 0.0148264 0.0000010 0.0197789 0.0116495 0.0157551 0.0000010 0.0000010 0.0116495 0.0000010 0.0145732 0.0116495 0.0116495 0.0000010 0.0157551 0.0116495 0.0151338 0.0146297 0.0150733 0.0116495 0.0157551 0.0000010 0.0047380 0.0000010 0.0000010 0.0000010 0.0116495 0.0000010 0.0000010 0.0157551 0.0116495 0.0116495 0.0116495 0.0116495 0.0116495 0.0157551 0.0116495 0.0116495 0.0145732 0.0116495 0.0150733 0.0116495 0.0116495 0.0200030 0.0000010 0.0000010 0.0116495 0.0299205 0.0000010 0.0116495 0.0116495 0.0116495 0.0151338 0.0116495 0.0116495 0.0195715 0.0000010 0.0000010 0.0116495 0.0116495 0.0116495 0.0080830 0.0000010 0.0000010 0.0000010 0.0000010 0.0116495 0.0157278 0.0000010 0.0116495 0.0116495 0.0000010 0.0199880 0.0000010 0.0144775 0.0000010 0.0131131 0.0000010 0.0116495 0.0116495 0.0144775 0.0000010 
JQ993669_Isospora_sp._ex_Talpa_europaea         0.0156096 0.0038029 0.0000000 0.0067476 0.0127167 0.0253002 0.0263460 0.0253845 0.0254207 0.0388782 0.0250309 0.0290781 0.0226434 0.0342895 0.0226434 0.0235476 0.0258583 0.0253600 0.0347430 0.0244892 0.0245416 0.0254207 0.0235937 0.0273570 0.0209842 0.0253600 0.0271406 0.0244379 0.0271934 0.0271594 0.0265600 0.0271545 0.0234333 0.0244901 0.0306569 0.0361459 0.0601356 0.0234050 0.0252130 0.0261665 0.0253002 0.0255545 0.0262388 0.0234916 0.0234197 0.0253181 0.0243993 0.0234749 0.0217515 0.0262238 0.0257085 0.0253600 0.0299252 0.0253784 0.0283970 0.0291230 0.0254207 0.0253600 0.0245699 0.0253600 0.0263731 0.0253784 0.0247805 0.0257085 0.0256535 0.0254207 0.0254207 0.0197087 0.0282139 0.0300170 0.0242470 0.0225795 0.0281913 0.0217032 0.0225257 0.0329075 0.0461174 0.0225881 0.0261966 0.0272131 0.0216258 0.0225038 0.0243208 0.0245583 0.0244715 0.0244379 0.0362171 0.0244486 0.0370142 0.0249159 0.0262002 0.0257541 0.0254359 0.0276042 0.0287126 0.0276533 0.0276533 0.0247050 0.0298087 0.0278932 0.0276305 0.0298806 0.0265437 0.0266217 0.0278175 0.0245743 0.0265437 0.0260675 0.0286478 0.0286889 0.0265754 0.0225929 0.0265693 0.0254808 0.0275821 0.0277294 0.0255784 0.0287581 0.0271192 0.0276447 0.0251104 0.0279545 0.0274020 0.0263864 0.0276305 0.0271744 0.0268983 0.0273326 0.0261309 0.0265950 0.0284499 0.0276533 0.0267596 0.0268712 0.0266342 0.0254359 0.0304204 0.0297006 0.0247360 0.0271006 0.0264900 0.0276591 0.0250175 0.0275821 0.0281753 0.0270430 0.0268316 0.0264429 0.0280707 0.0286766 0.0271744 0.0283472 0.0286889 0.0271744 0.0278228 0.0271744 0.0265754 0.0271956 0.0265600 0.0252899 0.0257659 0.0368680 0.0246300 0.0266173 0.0264144 0.0265409 0.0295735 0.0326673 0.0263511 0.0285749 0.0273856 0.0254687 0.0263324 0.0263324 0.0264144 0.0285663 0.0246508 0.0247596 0.0256548 0.0278010 0.0340666 0.0281503 0.0246791 0.0268093 0.0256821 0.0282848 0.0299329 0.0248734 0.0275927 0.0221098 0.0330404 0.0249141 0.0255961 0.0257541 0.0286496 0.0261416 
JQ993670_Isospora_sp._ex_Talpa_europaea         0.0157278 0.0038311 0.0067476 0.0000000 0.0138435 0.0323991 0.0365677 0.0324414 0.0325058 0.0740974 0.0299564 0.0337951 0.0299564 0.0446179 0.0299564 0.0299564 0.0332792 0.0323991 0.0575404 0.0312046 0.0312963 0.0325058 0.0312994 0.0337652 0.0210412 0.0323991 0.0349717 0.0312153 0.0350635 0.0349687 0.0353919 0.0366823 0.0351725 0.0313068 0.0458584 0.0392913 0.0420989 0.0338965 0.0364101 0.0364461 0.0323991 0.0354730 0.0337168 0.0351798 0.0351442 0.0336671 0.0338335 0.0337551 0.0327414 0.0378106 0.0330132 0.0323991 0.0323991 0.0324316 0.0338668 0.0403047 0.0325058 0.0323991 0.0313446 0.0323991 0.0325058 0.0324316 0.0247249 0.0330132 0.0332448 0.0325058 0.0325058 0.0197591 0.0364983 0.0447757 0.0350021 0.0301122 0.0340582 0.0288932 0.0326278 0.0449060 0.0520169 0.0301122 0.0379129 0.0366456 0.0313813 0.0312737 0.0320404 0.0316754 0.0311734 0.0312153 0.0484733 0.0311430 0.0593816 0.0319556 0.0336489 0.0349258 0.0341874 0.0394153 0.0408436 0.0392588 0.0392588 0.0365724 0.0425041 0.0373547 0.0392105 0.0408436 0.0358526 0.0334148 0.0393086 0.0319370 0.0358526 0.0336518 0.0389198 0.0407932 0.0360309 0.0317160 0.0347271 0.0329668 0.0374900 0.0394166 0.0342285 0.0409371 0.0349258 0.0376114 0.0323013 0.0396273 0.0371493 0.0342258 0.0392105 0.0367202 0.0361979 0.0369711 0.0356492 0.0360687 0.0396612 0.0392588 0.0396119 0.0361489 0.0366252 0.0341874 0.0373833 0.0339159 0.0319948 0.0351418 0.0354385 0.0347237 0.0325065 0.0374900 0.0354034 0.0364694 0.0360731 0.0357808 0.0379669 0.0391216 0.0367202 0.0384903 0.0407932 0.0367202 0.0412111 0.0367202 0.0360309 0.0372230 0.0353919 0.0357072 0.0356375 0.0496893 0.0301869 0.0356733 0.0352991 0.0355327 0.0414361 0.0444252 0.0351819 0.0446617 0.0352550 0.0325376 0.0351472 0.0351472 0.0352991 0.0382963 0.0322314 0.0324319 0.0336791 0.0774105 0.0377406 0.0391003 0.0633888 0.0369698 0.0352680 0.0361802 0.0415756 0.0648130 0.0391322 0.0298008 0.0394370 0.0378327 0.0350989 0.0349258 0.0407116 0.0407366 
JQ993671_Isospora_sp._ex_Talpa_europaea         0.0241451 0.0117598 0.0127167 0.0138435 0.0000000 0.0361586 0.0353755 0.0365343 0.0365823 0.0514405 0.0286753 0.0328379 0.0349572 0.0400788 0.0348626 0.0280796 0.0369159 0.0362521 0.0474246 0.0357151 0.0357835 0.0364808 0.0361183 0.0367007 0.0271080 0.0365029 0.0383274 0.0348916 0.0382469 0.0373330 0.0348399 0.0394845 0.0318078 0.0341431 0.0389110 0.0463777 0.0665110 0.0300042 0.0333762 0.0342236 0.0367774 0.0377719 0.0376488 0.0323001 0.0322102 0.0382552 0.0369009 0.0332807 0.0314665 0.0349237 0.0369574 0.0353568 0.0335136 0.0365271 0.0320628 0.0334899 0.0365823 0.0365029 0.0355419 0.0358553 0.0332612 0.0359274 0.0261674 0.0363139 0.0372480 0.0365823 0.0367176 0.0254332 0.0392467 0.0431811 0.0353462 0.0284727 0.0367584 0.0277150 0.0284143 0.0401143 0.0535818 0.0284821 0.0324718 0.0333066 0.0276295 0.0292217 0.0323088 0.0351456 0.0356914 0.0369891 0.0440662 0.0356002 0.0416370 0.0370889 0.0364713 0.0390343 0.0328747 0.0390530 0.0398027 0.0386639 0.0386639 0.0370185 0.0409823 0.0345780 0.0386747 0.0410833 0.0340187 0.0382737 0.0389757 0.0325041 0.0339806 0.0379690 0.0361898 0.0397238 0.0376669 0.0347504 0.0391240 0.0375678 0.0402301 0.0419963 0.0330610 0.0398658 0.0378456 0.0409397 0.0366970 0.0395620 0.0404035 0.0378366 0.0386310 0.0383295 0.0391805 0.0355601 0.0373906 0.0391232 0.0405370 0.0387077 0.0391252 0.0406006 0.0390454 0.0328380 0.0377633 0.0338842 0.0349661 0.0384092 0.0386064 0.0395769 0.0373443 0.0402301 0.0364278 0.0399155 0.0396283 0.0394997 0.0388890 0.0412562 0.0396918 0.0412865 0.0397238 0.0395116 0.0422075 0.0395116 0.0392755 0.0404736 0.0348399 0.0385920 0.0378572 0.0483678 0.0345242 0.0388938 0.0385065 0.0386737 0.0417052 0.0446550 0.0384222 0.0397240 0.0372721 0.0363608 0.0380984 0.0380984 0.0382315 0.0409011 0.0367253 0.0368663 0.0376315 0.0490932 0.0412662 0.0411013 0.0456990 0.0394750 0.0386927 0.0391086 0.0426125 0.0426084 0.0387955 0.0326664 0.0435450 0.0383569 0.0370568 0.0370688 0.0397345 0.0402318 
JQ993665_Eimeria_nafuko                         0.0116495 0.0000010 0.0253002 0.0323991 0.0361586 0.0000000 0.0176926 0.0007357 0.0007365 0.0050832 0.0042742 0.0054171 0.0044591 0.0000010 0.0044591 0.0040354 0.0007472 0.0007351 0.0035153 0.0029528 0.0007371 0.0007365 0.0052167 0.0062247 0.0013377 0.0007351 0.0021927 0.0021920 0.0021951 0.0029270 0.0009116 0.0108383 0.0151219 0.0044063 0.0220723 0.0184221 0.0271306 0.0198874 0.0174508 0.0174525 0.0007283 0.0067637 0.0051424 0.0152583 0.0152175 0.0074558 0.0074244 0.0112481 0.0137259 0.0174861 0.0007435 0.0000010 0.0030881 0.0007355 0.0010532 0.0012817 0.0007365 0.0007351 0.0007381 0.0000010 0.0000010 0.0000010 0.0000010 0.0000010 0.0007665 0.0007365 0.0007365 0.0000010 0.0120215 0.0039985 0.0167778 0.0191531 0.0265378 0.0199542 0.0183308 0.0300056 0.0425562 0.0191595 0.0240096 0.0232056 0.0183228 0.0190963 0.0027069 0.0023530 0.0029510 0.0036662 0.0000010 0.0029486 0.0163718 0.0029964 0.0014579 0.0110512 0.0028396 0.0076085 0.0096871 0.0106598 0.0106598 0.0068417 0.0106889 0.0009601 0.0106632 0.0107132 0.0000024 0.0102024 0.0107397 0.0035307 0.0000024 0.0007523 0.0018943 0.0096693 0.0103345 0.0056563 0.0094019 0.0038275 0.0118042 0.0132271 0.0028543 0.0116733 0.0101570 0.0118268 0.0030161 0.0077001 0.0109235 0.0007600 0.0106517 0.0102555 0.0107516 0.0000025 0.0113365 0.0109926 0.0114394 0.0106713 0.0107795 0.0107415 0.0105655 0.0028366 0.0010402 0.0000010 0.0023419 0.0015108 0.0106105 0.0030914 0.0015534 0.0118042 0.0113333 0.0108012 0.0107282 0.0109382 0.0093819 0.0110500 0.0108450 0.0101312 0.0096693 0.0108450 0.0113038 0.0108450 0.0109858 0.0121948 0.0009116 0.0094386 0.0106794 0.0123795 0.0022580 0.0106546 0.0105843 0.0106281 0.0103801 0.0155242 0.0105626 0.0123615 0.0022244 0.0007377 0.0105562 0.0105562 0.0105843 0.0032707 0.0007918 0.0007948 0.0015866 0.0155320 0.0136044 0.0115602 0.0205158 0.0101973 0.0113852 0.0092899 0.0148323 0.0173796 0.0106940 0.0031763 0.0122519 0.0095760 0.0106711 0.0104307 0.0105169 0.0100076 
JQ993659_Eimeria_alorani                        0.0116495 0.0000010 0.0263460 0.0365677 0.0353755 0.0176926 0.0000000 0.0166942 0.0166803 0.0291332 0.0154483 0.0156207 0.0174846 0.0223611 0.0176785 0.0156508 0.0169184 0.0166803 0.0248313 0.0159134 0.0159431 0.0166803 0.0198619 0.0212139 0.0067512 0.0166803 0.0182649 0.0182583 0.0182849 0.0190476 0.0170500 0.0214225 0.0066621 0.0199027 0.0098328 0.0291348 0.0457867 0.0112011 0.0029307 0.0044056 0.0174938 0.0183074 0.0198468 0.0021921 0.0021921 0.0213912 0.0190670 0.0089493 0.0097951 0.0044139 0.0168331 0.0172751 0.0171184 0.0166803 0.0152921 0.0173258 0.0166803 0.0166803 0.0167492 0.0170537 0.0158350 0.0171075 0.0087227 0.0172318 0.0165369 0.0166803 0.0166803 0.0063719 0.0223438 0.0205840 0.0151178 0.0112538 0.0207606 0.0120249 0.0119927 0.0232427 0.0344132 0.0112575 0.0159278 0.0151498 0.0119877 0.0112209 0.0168250 0.0179701 0.0159134 0.0184383 0.0235645 0.0159137 0.0059832 0.0162736 0.0174551 0.0208239 0.0156719 0.0224865 0.0229594 0.0239664 0.0239664 0.0201502 0.0240331 0.0179916 0.0239734 0.0240895 0.0167076 0.0198317 0.0241512 0.0154937 0.0166896 0.0170725 0.0187279 0.0229159 0.0212157 0.0205281 0.0190067 0.0164764 0.0214764 0.0254117 0.0157561 0.0250614 0.0228083 0.0216694 0.0162292 0.0227657 0.0213942 0.0172163 0.0239471 0.0219169 0.0210062 0.0179714 0.0224516 0.0206348 0.0257737 0.0239926 0.0242422 0.0218598 0.0245882 0.0156550 0.0195632 0.0122436 0.0162200 0.0178872 0.0207285 0.0190573 0.0175988 0.0214764 0.0222363 0.0211497 0.0210062 0.0205768 0.0209109 0.0210427 0.0211935 0.0205774 0.0229159 0.0214362 0.0220496 0.0214362 0.0206217 0.0261173 0.0170500 0.0238298 0.0200679 0.0300869 0.0164389 0.0208153 0.0206769 0.0207632 0.0246533 0.0259488 0.0206896 0.0240786 0.0174942 0.0166975 0.0206769 0.0206769 0.0206896 0.0201922 0.0170964 0.0171616 0.0179449 0.0413753 0.0268502 0.0217111 0.0368381 0.0218453 0.0213803 0.0252861 0.0249956 0.0319991 0.0240448 0.0155865 0.0264780 0.0227278 0.0219240 0.0214189 0.0225507 0.0237858 
KU174470_Eimeria_apionodes                      0.0116495 0.0000010 0.0253845 0.0324414 0.0365343 0.0007357 0.0166942 0.0000000 0.0000020 0.0036594 0.0042792 0.0054234 0.0036272 0.0000028 0.0037064 0.0040398 0.0000021 0.0000020 0.0035208 0.0021619 0.0000020 0.0000020 0.0058699 0.0062305 0.0013377 0.0000020 0.0021633 0.0028862 0.0014419 0.0021634 0.0009125 0.0100383 0.0141395 0.0043546 0.0207479 0.0173871 0.0259205 0.0188343 0.0164421 0.0164436 0.0007199 0.0058720 0.0043426 0.0141411 0.0141325 0.0072858 0.0065837 0.0118598 0.0127943 0.0180326 0.0000020 0.0000021 0.0030923 0.0000020 0.0010544 0.0012835 0.0000020 0.0000020 0.0000020 0.0000021 0.0000022 0.0000021 0.0000010 0.0000021 0.0000021 0.0000020 0.0000020 0.0000010 0.0111024 0.0029033 0.0165772 0.0189232 0.0262141 0.0197144 0.0181114 0.0296354 0.0401543 0.0189295 0.0237188 0.0229248 0.0181036 0.0188678 0.0027096 0.0023543 0.0021607 0.0029446 0.0000028 0.0021607 0.0164088 0.0022378 0.0007184 0.0101558 0.0028426 0.0076176 0.0096977 0.0106716 0.0106716 0.0068495 0.0107006 0.0009612 0.0106749 0.0107249 0.0000024 0.0091881 0.0107515 0.0035342 0.0000024 0.0000021 0.0009470 0.0096798 0.0103432 0.0056624 0.0084089 0.0030268 0.0107844 0.0132406 0.0028573 0.0116862 0.0101681 0.0109594 0.0022160 0.0077096 0.0100255 0.0000021 0.0106634 0.0102643 0.0097458 0.0000025 0.0113465 0.0099506 0.0114529 0.0106831 0.0107918 0.0106419 0.0105762 0.0028396 0.0010414 0.0000010 0.0023431 0.0007371 0.0096135 0.0022610 0.0007676 0.0107844 0.0113462 0.0099138 0.0098483 0.0100381 0.0093898 0.0102602 0.0098615 0.0092433 0.0096798 0.0100444 0.0102992 0.0100444 0.0099860 0.0122073 0.0009125 0.0094497 0.0096740 0.0123982 0.0022599 0.0096797 0.0095903 0.0096290 0.0103913 0.0144229 0.0095711 0.0110653 0.0014473 0.0000020 0.0095656 0.0095656 0.0095903 0.0023884 0.0000021 0.0000021 0.0007731 0.0155646 0.0136230 0.0104512 0.0195496 0.0102071 0.0102973 0.0093018 0.0136392 0.0150194 0.0107057 0.0031790 0.0122671 0.0095863 0.0106807 0.0104397 0.0105275 0.0100189 
KU174461_Eimeria_apionodes                      0.0116495 0.0000010 0.0254207 0.0325058 0.0365823 0.0007365 0.0166803 0.0000020 0.0000000 0.0036544 0.0042829 0.0054331 0.0036293 0.0000010 0.0037085 0.0040431 0.0000010 0.0000010 0.0035153 0.0021633 0.0000026 0.0000010 0.0058733 0.0062398 0.0013377 0.0000010 0.0021657 0.0028895 0.0014437 0.0021658 0.0009116 0.0100291 0.0141565 0.0043603 0.0207304 0.0174084 0.0259538 0.0188573 0.0164620 0.0164636 0.0007207 0.0058671 0.0043485 0.0141495 0.0141495 0.0072941 0.0065913 0.0118735 0.0128099 0.0180546 0.0000010 0.0000010 0.0030968 0.0000010 0.0010532 0.0012817 0.0000010 0.0000010 0.0000026 0.0000010 0.0000010 0.0000010 0.0000010 0.0000010 0.0000010 0.0000010 0.0000010 0.0000010 0.0111151 0.0029002 0.0165974 0.0189465 0.0262473 0.0197387 0.0181336 0.0296739 0.0411359 0.0189528 0.0237485 0.0229534 0.0181258 0.0188909 0.0027069 0.0023530 0.0021633 0.0029488 0.0000010 0.0021633 0.0163718 0.0022360 0.0007192 0.0101462 0.0028396 0.0076085 0.0096871 0.0106598 0.0106598 0.0068417 0.0106889 0.0009601 0.0106632 0.0107132 0.0000024 0.0091807 0.0107397 0.0035307 0.0000024 0.0000021 0.0018943 0.0096693 0.0103345 0.0056563 0.0084019 0.0030243 0.0107743 0.0132271 0.0028543 0.0116733 0.0101570 0.0109490 0.0022143 0.0077001 0.0100163 0.0000010 0.0106517 0.0102555 0.0097371 0.0000025 0.0113365 0.0099414 0.0114394 0.0106713 0.0107795 0.0106323 0.0105655 0.0028366 0.0010402 0.0000010 0.0023419 0.0007365 0.0096053 0.0022591 0.0007670 0.0107743 0.0113333 0.0099045 0.0098395 0.0100296 0.0093819 0.0102505 0.0098526 0.0092350 0.0096693 0.0100352 0.0102890 0.0100352 0.0099767 0.0121948 0.0009116 0.0094386 0.0096660 0.0123795 0.0022580 0.0096715 0.0095822 0.0096208 0.0103801 0.0144102 0.0095822 0.0110538 0.0014462 0.0000010 0.0095766 0.0095766 0.0095822 0.0023866 0.0000010 0.0000021 0.0007724 0.0155320 0.0136044 0.0104417 0.0195171 0.0101973 0.0102879 0.0092899 0.0136264 0.0149944 0.0106940 0.0031763 0.0122519 0.0095760 0.0106711 0.0104307 0.0105169 0.0100076 
KU174464_Eimeria_apionodes                      0.0000010 0.0000010 0.0388782 0.0740974 0.0514405 0.0050832 0.0291332 0.0036594 0.0036544 0.0000000 0.0164682 0.0199637 0.0086612 0.0056511 0.0089887 0.0142940 0.0036544 0.0036544 0.0067067 0.0061120 0.0000021 0.0036544 0.0126154 0.0162818 0.0129933 0.0036544 0.0061296 0.0061120 0.0048918 0.0048865 0.0060795 0.0156793 0.0203452 0.0098881 0.0285892 0.0275475 0.0447869 0.0273065 0.0285042 0.0271702 0.0048978 0.0112382 0.0073811 0.0244181 0.0244181 0.0137014 0.0112393 0.0231282 0.0234898 0.0300249 0.0036544 0.0039456 0.0150932 0.0036544 0.0105699 0.0070003 0.0036544 0.0036544 0.0036790 0.0038617 0.0049070 0.0038819 0.0076554 0.0038685 0.0036579 0.0036544 0.0036750 0.0087310 0.0164551 0.0061120 0.0302535 0.0302663 0.0419441 0.0316428 0.0288008 0.0498486 0.0630982 0.0302839 0.0302081 0.0332672 0.0287696 0.0273991 0.0075761 0.0066656 0.0061120 0.0076240 0.0053536 0.0061180 0.0243015 0.0063228 0.0048803 0.0154814 0.0076300 0.0155590 0.0140929 0.0156683 0.0156683 0.0141892 0.0157569 0.0062514 0.0156955 0.0157953 0.0045663 0.0138485 0.0158383 0.0076584 0.0045585 0.0037402 0.0076455 0.0140686 0.0161208 0.0118831 0.0138530 0.0062474 0.0152027 0.0188416 0.0076846 0.0156955 0.0173326 0.0155801 0.0061527 0.0157974 0.0154430 0.0036544 0.0156683 0.0162674 0.0151197 0.0049620 0.0160864 0.0150987 0.0173990 0.0156955 0.0158029 0.0167912 0.0149902 0.0076171 0.0053536 0.0092804 0.0065272 0.0048803 0.0150987 0.0073924 0.0049882 0.0152027 0.0243236 0.0154430 0.0154430 0.0154430 0.0147161 0.0144054 0.0152027 0.0141284 0.0140686 0.0156793 0.0141284 0.0156793 0.0152027 0.0165590 0.0060795 0.0193723 0.0151722 0.0190870 0.0065792 0.0151714 0.0150987 0.0150987 0.0156103 0.0152139 0.0150987 0.0150987 0.0061525 0.0036605 0.0150987 0.0150987 0.0150987 0.0048803 0.0036544 0.0036594 0.0048803 0.0156128 0.0277542 0.0138139 0.0195954 0.0154115 0.0150987 0.0202466 0.0150987 0.0150546 0.0158029 0.0079073 0.0208179 0.0170235 0.0160864 0.0162091 0.0147632 0.0170627 
KU174480_Eimeria_apionodes                      0.0116495 0.0000010 0.0250309 0.0299564 0.0286753 0.0042742 0.0154483 0.0042792 0.0042829 0.0164682 0.0000000 0.0054475 0.0000010 0.0063317 0.0000010 0.0000010 0.0043738 0.0042742 0.0063334 0.0032021 0.0032115 0.0042829 0.0010618 0.0042647 0.0000010 0.0042742 0.0064403 0.0032061 0.0064560 0.0064406 0.0062424 0.0090004 0.0131405 0.0032147 0.0217436 0.0132094 0.0121070 0.0177161 0.0142450 0.0142574 0.0042742 0.0043096 0.0053599 0.0131308 0.0131308 0.0042535 0.0042858 0.0064682 0.0132831 0.0154116 0.0043413 0.0042742 0.0042742 0.0042742 0.0053766 0.0069979 0.0042829 0.0042742 0.0042995 0.0042742 0.0042829 0.0042742 0.0024535 0.0043413 0.0045369 0.0042829 0.0042829 0.0012598 0.0097894 0.0051515 0.0166046 0.0143262 0.0189328 0.0132172 0.0143262 0.0286617 0.0375958 0.0143262 0.0236810 0.0200978 0.0132093 0.0154088 0.0036920 0.0033749 0.0032021 0.0032061 0.0070761 0.0031994 0.0235725 0.0032718 0.0053503 0.0092585 0.0039095 0.0085909 0.0119926 0.0106419 0.0106419 0.0080462 0.0133683 0.0065476 0.0106307 0.0133956 0.0052368 0.0080324 0.0106535 0.0047275 0.0052368 0.0044174 0.0078705 0.0119800 0.0091784 0.0039905 0.0091871 0.0045031 0.0103693 0.0106807 0.0039133 0.0120177 0.0092585 0.0103983 0.0033032 0.0086321 0.0091035 0.0044843 0.0106307 0.0090084 0.0088950 0.0053810 0.0106255 0.0091867 0.0107398 0.0106419 0.0107283 0.0088840 0.0108871 0.0039095 0.0065522 0.0048217 0.0034051 0.0055556 0.0087275 0.0057011 0.0057890 0.0103693 0.0087200 0.0089545 0.0088680 0.0091203 0.0101312 0.0116108 0.0090084 0.0102565 0.0119800 0.0090084 0.0120900 0.0090084 0.0091784 0.0118807 0.0062424 0.0082280 0.0087721 0.0130689 0.0032257 0.0087797 0.0086965 0.0087483 0.0121607 0.0158111 0.0086785 0.0107890 0.0064871 0.0042865 0.0086711 0.0086711 0.0086965 0.0087581 0.0047664 0.0047933 0.0059752 0.0279249 0.0111823 0.0124160 0.0213927 0.0109786 0.0096756 0.0068939 0.0148016 0.0217474 0.0106115 0.0034618 0.0116251 0.0071686 0.0096348 0.0092585 0.0119582 0.0076449 
KU174483_Eimeria_apionodes                      0.0116495 0.0000010 0.0290781 0.0337951 0.0328379 0.0054171 0.0156207 0.0054234 0.0054331 0.0199637 0.0054475 0.0000000 0.0054475 0.0080892 0.0054475 0.0054475 0.0055501 0.0054171 0.0086959 0.0043338 0.0043455 0.0054331 0.0065655 0.0076299 0.0040477 0.0054171 0.0076188 0.0043354 0.0076376 0.0076191 0.0076208 0.0126619 0.0144385 0.0021577 0.0232512 0.0156884 0.0110845 0.0214955 0.0155595 0.0155734 0.0054171 0.0077189 0.0043174 0.0144408 0.0144277 0.0098528 0.0076685 0.0076522 0.0169650 0.0167489 0.0055096 0.0054171 0.0054171 0.0054219 0.0065481 0.0085610 0.0054331 0.0054171 0.0054492 0.0054171 0.0054331 0.0054219 0.0036915 0.0055096 0.0057604 0.0054331 0.0054331 0.0025274 0.0133322 0.0070335 0.0203589 0.0180135 0.0227611 0.0168790 0.0180135 0.0328198 0.0420600 0.0180135 0.0276613 0.0239618 0.0168686 0.0191154 0.0024831 0.0022682 0.0043300 0.0021518 0.0090640 0.0043263 0.0267937 0.0044284 0.0065098 0.0130332 0.0053076 0.0132679 0.0164294 0.0150341 0.0150341 0.0124025 0.0178575 0.0080002 0.0150178 0.0164294 0.0066648 0.0117453 0.0150509 0.0060063 0.0066648 0.0056058 0.0093497 0.0164115 0.0129175 0.0081999 0.0129308 0.0057168 0.0141523 0.0150901 0.0053131 0.0164646 0.0130332 0.0141932 0.0044715 0.0133332 0.0128101 0.0056925 0.0150178 0.0126735 0.0125100 0.0068520 0.0145110 0.0129296 0.0151755 0.0150341 0.0151588 0.0124944 0.0148770 0.0053076 0.0080063 0.0060314 0.0046117 0.0067695 0.0122695 0.0069495 0.0070583 0.0141523 0.0122587 0.0125956 0.0124713 0.0128341 0.0138206 0.0154547 0.0126735 0.0139955 0.0164115 0.0126735 0.0165655 0.0126735 0.0129175 0.0158216 0.0076208 0.0126925 0.0123335 0.0185776 0.0043650 0.0123445 0.0122250 0.0122994 0.0166660 0.0196438 0.0121882 0.0159039 0.0076817 0.0054377 0.0121775 0.0121775 0.0122250 0.0101831 0.0060565 0.0060903 0.0072891 0.0404497 0.0152908 0.0165527 0.0323196 0.0150052 0.0136350 0.0113440 0.0189703 0.0328996 0.0149899 0.0046897 0.0159130 0.0118099 0.0135758 0.0130332 0.0163811 0.0126191 
KU174462_Eimeria_apionodes                      0.0116495 0.0000010 0.0226434 0.0299564 0.0349572 0.0044591 0.0174846 0.0036272 0.0036293 0.0086612 0.0000010 0.0054475 0.0000000 0.0063499 0.0000010 0.0000010 0.0036811 0.0036243 0.0047344 0.0028978 0.0029028 0.0036293 0.0021763 0.0035266 0.0000010 0.0036243 0.0058264 0.0036287 0.0050978 0.0058265 0.0055398 0.0076809 0.0149193 0.0051067 0.0207617 0.0150506 0.0301617 0.0180379 0.0172306 0.0172323 0.0043625 0.0036484 0.0050969 0.0149118 0.0149118 0.0036040 0.0028970 0.0126305 0.0120130 0.0188291 0.0036632 0.0037907 0.0072893 0.0036243 0.0053234 0.0064945 0.0036293 0.0036243 0.0036388 0.0037438 0.0042803 0.0037552 0.0024535 0.0037894 0.0037747 0.0036293 0.0036414 0.0012598 0.0088423 0.0038983 0.0157860 0.0181229 0.0246142 0.0173619 0.0173154 0.0287861 0.0401764 0.0181289 0.0228987 0.0221075 0.0157703 0.0180699 0.0036365 0.0031580 0.0028978 0.0037035 0.0066799 0.0028978 0.0207671 0.0029999 0.0043532 0.0077703 0.0038161 0.0065012 0.0086942 0.0077105 0.0077105 0.0058479 0.0096901 0.0058387 0.0077130 0.0097121 0.0047858 0.0068556 0.0077679 0.0044459 0.0047807 0.0037551 0.0067193 0.0086783 0.0079128 0.0028131 0.0076212 0.0038043 0.0084287 0.0105296 0.0038360 0.0087074 0.0073487 0.0085647 0.0029706 0.0065788 0.0076712 0.0037432 0.0077047 0.0078529 0.0074582 0.0051384 0.0088655 0.0076141 0.0082713 0.0077188 0.0077969 0.0083180 0.0078848 0.0038120 0.0063330 0.0048217 0.0031429 0.0044651 0.0073576 0.0060885 0.0046520 0.0084287 0.0081938 0.0075860 0.0075363 0.0076806 0.0085806 0.0094405 0.0075462 0.0084466 0.0086783 0.0076856 0.0094083 0.0076856 0.0076411 0.0095348 0.0055398 0.0062556 0.0074038 0.0109604 0.0030297 0.0074081 0.0073399 0.0073694 0.0093142 0.0120830 0.0073297 0.0082472 0.0051144 0.0036350 0.0073254 0.0073254 0.0073399 0.0064359 0.0038973 0.0039117 0.0046855 0.0135145 0.0136166 0.0096162 0.0148845 0.0093247 0.0078783 0.0057680 0.0111711 0.0104055 0.0077351 0.0039967 0.0111023 0.0066671 0.0081699 0.0079863 0.0096162 0.0069659 
KU174463_Eimeria_apionodes                      0.0000010 0.0000010 0.0342895 0.0446179 0.0400788 0.0000010 0.0223611 0.0000028 0.0000010 0.0056511 0.0063317 0.0080892 0.0063499 0.0000000 0.0063499 0.0058214 0.0000010 0.0000010 0.0047191 0.0037668 0.0000024 0.0000010 0.0076582 0.0076510 0.0020115 0.0000010 0.0025089 0.0037723 0.0025160 0.0025047 0.0012499 0.0102699 0.0141659 0.0037788 0.0224113 0.0156869 0.0215978 0.0210763 0.0195568 0.0209157 0.0000010 0.0089605 0.0050377 0.0182239 0.0182239 0.0115026 0.0102982 0.0129187 0.0184653 0.0210383 0.0000010 0.0000010 0.0045015 0.0000010 0.0015452 0.0014418 0.0000010 0.0000010 0.0000024 0.0000010 0.0000010 0.0000010 0.0000010 0.0000010 0.0000010 0.0000010 0.0000010 0.0000010 0.0129699 0.0040302 0.0225249 0.0197275 0.0280870 0.0211056 0.0184028 0.0357427 0.0419499 0.0197275 0.0224992 0.0239527 0.0197341 0.0197198 0.0037723 0.0037723 0.0037668 0.0037723 0.0000010 0.0037669 0.0164365 0.0037631 0.0012499 0.0102699 0.0037631 0.0089688 0.0089688 0.0102699 0.0102699 0.0089688 0.0102921 0.0012517 0.0102699 0.0103019 0.0000028 0.0089796 0.0102843 0.0037669 0.0000028 0.0000028 0.0025058 0.0089688 0.0102699 0.0076425 0.0089819 0.0037631 0.0102699 0.0102699 0.0037722 0.0102699 0.0102699 0.0102806 0.0037631 0.0089819 0.0102699 0.0000010 0.0102699 0.0102699 0.0102699 0.0000028 0.0102699 0.0102699 0.0102699 0.0102699 0.0102699 0.0102699 0.0102699 0.0037631 0.0012521 0.0000010 0.0037631 0.0012499 0.0102803 0.0025134 0.0012499 0.0102699 0.0117903 0.0102699 0.0102699 0.0102699 0.0089688 0.0089688 0.0102699 0.0089688 0.0089688 0.0102699 0.0089688 0.0102699 0.0102699 0.0102699 0.0012499 0.0118123 0.0103538 0.0124123 0.0037856 0.0102984 0.0102699 0.0102803 0.0090098 0.0102992 0.0102803 0.0102699 0.0025217 0.0000010 0.0102699 0.0102699 0.0102803 0.0025113 0.0000010 0.0000028 0.0012499 0.0189360 0.0127434 0.0089688 0.0207464 0.0089688 0.0102699 0.0105094 0.0102699 0.0209532 0.0102699 0.0050424 0.0107001 0.0102699 0.0102699 0.0102699 0.0089688 0.0102699 
KU174468_Eimeria_apionodes                      0.0116495 0.0000010 0.0226434 0.0299564 0.0348626 0.0044591 0.0176785 0.0037064 0.0037085 0.0089887 0.0000010 0.0054475 0.0000010 0.0063499 0.0000000 0.0000010 0.0037627 0.0037033 0.0047344 0.0029610 0.0029662 0.0037085 0.0022108 0.0035266 0.0000010 0.0037033 0.0052036 0.0037079 0.0052095 0.0059542 0.0055398 0.0076809 0.0152541 0.0044629 0.0212418 0.0153913 0.0308810 0.0184456 0.0176188 0.0176205 0.0044580 0.0037255 0.0052086 0.0152462 0.0152462 0.0029448 0.0029578 0.0113552 0.0122716 0.0176548 0.0037440 0.0037907 0.0072893 0.0037033 0.0053234 0.0064945 0.0037085 0.0037033 0.0037185 0.0037438 0.0042803 0.0037552 0.0024535 0.0037894 0.0038605 0.0037085 0.0037085 0.0012598 0.0090383 0.0040135 0.0161429 0.0177053 0.0234818 0.0169297 0.0168834 0.0285696 0.0401888 0.0177113 0.0225704 0.0217642 0.0153095 0.0176525 0.0036365 0.0031580 0.0029610 0.0037133 0.0066799 0.0029610 0.0207671 0.0030048 0.0044483 0.0078299 0.0038161 0.0065012 0.0086942 0.0077105 0.0077105 0.0058479 0.0096901 0.0058387 0.0077130 0.0097121 0.0047858 0.0070068 0.0077679 0.0044459 0.0047807 0.0037885 0.0067193 0.0086783 0.0079128 0.0028131 0.0077894 0.0038385 0.0085867 0.0105296 0.0038360 0.0087074 0.0073487 0.0086030 0.0030246 0.0065788 0.0077408 0.0038276 0.0077047 0.0078529 0.0076192 0.0051384 0.0088655 0.0077887 0.0082713 0.0077188 0.0077969 0.0076128 0.0078848 0.0038120 0.0063330 0.0048217 0.0031429 0.0045651 0.0075205 0.0062281 0.0046947 0.0085867 0.0081938 0.0076541 0.0076035 0.0077504 0.0085806 0.0094405 0.0076856 0.0085233 0.0086783 0.0076856 0.0095035 0.0076856 0.0077839 0.0095348 0.0055398 0.0062556 0.0075685 0.0109604 0.0030297 0.0075515 0.0075020 0.0075329 0.0093142 0.0123214 0.0074914 0.0084759 0.0052269 0.0037145 0.0074869 0.0074869 0.0075020 0.0065921 0.0039888 0.0040040 0.0047958 0.0135145 0.0136166 0.0098485 0.0155665 0.0093247 0.0080653 0.0057680 0.0114398 0.0108819 0.0077351 0.0039967 0.0111023 0.0066671 0.0081699 0.0079863 0.0096162 0.0069659 
KU174479_Eimeria_apionodes                      0.0116495 0.0000010 0.0235476 0.0299564 0.0280796 0.0040354 0.0156508 0.0040398 0.0040431 0.0142940 0.0000010 0.0054475 0.0000010 0.0058214 0.0000010 0.0000000 0.0041241 0.0040354 0.0056703 0.0030234 0.0030317 0.0040431 0.0010028 0.0040269 0.0000010 0.0040354 0.0060789 0.0030269 0.0060929 0.0060791 0.0058386 0.0084724 0.0123891 0.0030347 0.0204657 0.0124503 0.0114113 0.0166927 0.0134299 0.0144940 0.0040354 0.0040660 0.0050595 0.0123805 0.0123805 0.0040170 0.0040457 0.0061038 0.0125158 0.0145260 0.0040952 0.0040354 0.0072893 0.0040354 0.0053234 0.0064945 0.0040431 0.0040354 0.0040579 0.0040354 0.0040431 0.0040354 0.0024535 0.0040952 0.0042688 0.0040431 0.0040431 0.0012598 0.0092331 0.0047041 0.0156455 0.0135021 0.0178332 0.0124573 0.0135021 0.0269518 0.0353026 0.0135021 0.0222895 0.0189279 0.0124503 0.0145235 0.0034564 0.0031770 0.0030234 0.0030269 0.0064447 0.0030210 0.0208504 0.0030855 0.0050509 0.0087008 0.0036463 0.0079597 0.0111684 0.0099117 0.0099117 0.0074899 0.0124468 0.0061049 0.0099020 0.0124704 0.0048828 0.0075525 0.0099217 0.0044370 0.0048828 0.0041628 0.0073447 0.0111574 0.0086300 0.0037167 0.0086379 0.0042388 0.0097473 0.0099454 0.0036497 0.0111901 0.0087008 0.0097729 0.0031134 0.0079946 0.0085637 0.0042221 0.0099020 0.0084795 0.0083790 0.0050079 0.0099733 0.0086374 0.0099965 0.0099117 0.0099867 0.0083692 0.0102035 0.0036463 0.0061091 0.0048217 0.0032037 0.0052335 0.0082302 0.0064572 0.0054401 0.0097473 0.0082235 0.0084318 0.0083551 0.0085786 0.0095366 0.0109093 0.0084795 0.0096475 0.0111574 0.0084795 0.0112529 0.0084795 0.0086300 0.0111472 0.0058386 0.0076474 0.0082698 0.0119847 0.0030444 0.0082766 0.0082026 0.0082487 0.0113141 0.0148804 0.0081866 0.0099405 0.0061206 0.0040463 0.0081800 0.0081800 0.0082026 0.0081905 0.0044713 0.0044949 0.0056043 0.0221927 0.0136166 0.0116172 0.0172878 0.0102839 0.0090682 0.0064048 0.0138552 0.0175184 0.0098852 0.0032539 0.0108490 0.0066413 0.0090323 0.0087008 0.0111386 0.0070480 
KU174449_Eimeria_apionodes                      0.0116495 0.0000010 0.0258583 0.0332792 0.0369159 0.0007472 0.0169184 0.0000021 0.0000010 0.0036544 0.0043738 0.0055501 0.0036811 0.0000010 0.0037627 0.0041241 0.0000000 0.0000010 0.0035153 0.0021927 0.0000026 0.0000010 0.0059581 0.0063432 0.0013377 0.0000010 0.0021966 0.0029171 0.0021901 0.0021840 0.0009116 0.0100291 0.0142787 0.0043972 0.0206745 0.0183265 0.0261891 0.0190217 0.0167040 0.0167056 0.0007309 0.0059277 0.0044105 0.0143566 0.0143566 0.0073927 0.0066863 0.0119826 0.0129218 0.0182230 0.0000010 0.0000010 0.0031608 0.0000010 0.0010751 0.0012817 0.0000010 0.0000010 0.0000026 0.0000010 0.0000010 0.0000010 0.0000010 0.0000010 0.0000010 0.0000010 0.0000010 0.0000010 0.0119592 0.0028783 0.0167423 0.0191124 0.0264807 0.0199118 0.0182920 0.0299404 0.0405778 0.0191189 0.0239583 0.0231560 0.0182841 0.0182763 0.0027069 0.0023530 0.0021927 0.0029916 0.0000010 0.0021893 0.0163718 0.0022373 0.0007252 0.0109291 0.0028396 0.0086969 0.0106573 0.0116305 0.0116305 0.0078201 0.0116622 0.0009601 0.0116342 0.0116887 0.0000024 0.0099471 0.0117176 0.0035307 0.0000024 0.0000021 0.0018943 0.0106377 0.0111308 0.0066000 0.0091670 0.0030243 0.0115464 0.0141107 0.0028543 0.0126478 0.0110830 0.0117326 0.0022143 0.0088017 0.0107882 0.0000010 0.0116217 0.0110458 0.0104874 0.0000025 0.0121478 0.0107075 0.0124811 0.0116430 0.0117610 0.0113932 0.0114475 0.0028366 0.0010402 0.0000010 0.0023419 0.0007365 0.0104640 0.0022458 0.0007670 0.0115464 0.0125747 0.0106678 0.0106043 0.0108025 0.0101650 0.0110405 0.0106119 0.0100059 0.0106377 0.0108086 0.0111480 0.0108086 0.0107456 0.0130675 0.0009116 0.0104889 0.0112450 0.0137579 0.0022900 0.0105046 0.0104578 0.0104640 0.0114198 0.0128720 0.0104640 0.0118903 0.0014571 0.0000010 0.0103965 0.0103965 0.0104089 0.0023717 0.0000010 0.0000021 0.0007678 0.0174789 0.0148442 0.0111756 0.0207776 0.0110485 0.0110119 0.0104530 0.0143390 0.0163055 0.0116677 0.0031763 0.0133682 0.0105352 0.0114934 0.0112345 0.0113949 0.0110100 
KU174450_Eimeria_apionodes                      0.0116495 0.0000010 0.0253600 0.0323991 0.0362521 0.0007351 0.0166803 0.0000020 0.0000010 0.0036544 0.0042742 0.0054171 0.0036243 0.0000010 0.0037033 0.0040354 0.0000010 0.0000000 0.0035153 0.0021603 0.0000026 0.0000010 0.0058651 0.0062247 0.0013377 0.0000010 0.0021615 0.0028708 0.0021541 0.0021482 0.0009116 0.0100291 0.0140373 0.0043246 0.0206614 0.0172593 0.0257225 0.0186963 0.0164286 0.0164301 0.0007193 0.0058671 0.0043400 0.0141295 0.0141209 0.0072797 0.0065782 0.0117809 0.0127008 0.0179119 0.0000010 0.0000010 0.0030881 0.0000010 0.0010532 0.0012817 0.0000010 0.0000010 0.0000026 0.0000010 0.0000010 0.0000010 0.0000010 0.0000010 0.0000010 0.0000010 0.0000010 0.0000010 0.0110220 0.0028762 0.0164558 0.0187840 0.0260177 0.0195691 0.0179785 0.0294112 0.0407601 0.0187902 0.0235424 0.0227545 0.0179709 0.0187293 0.0027069 0.0023530 0.0021590 0.0029429 0.0000010 0.0021557 0.0163718 0.0022360 0.0007134 0.0101462 0.0028396 0.0076085 0.0096871 0.0106598 0.0106598 0.0068417 0.0106889 0.0009601 0.0106632 0.0107132 0.0000024 0.0091807 0.0107397 0.0035307 0.0000024 0.0000021 0.0018943 0.0096693 0.0103345 0.0056563 0.0084019 0.0030243 0.0107743 0.0132271 0.0028543 0.0116733 0.0101570 0.0109490 0.0022143 0.0077001 0.0100163 0.0000010 0.0106517 0.0102555 0.0097371 0.0000025 0.0113365 0.0099414 0.0114394 0.0106713 0.0107795 0.0106323 0.0105655 0.0028366 0.0010402 0.0000010 0.0023419 0.0007365 0.0096053 0.0022445 0.0007670 0.0107743 0.0113333 0.0099045 0.0098395 0.0100296 0.0093819 0.0102505 0.0098526 0.0092350 0.0096693 0.0100352 0.0102890 0.0100352 0.0099767 0.0121948 0.0009116 0.0094386 0.0096289 0.0123795 0.0022580 0.0096715 0.0095822 0.0096208 0.0103801 0.0144102 0.0095630 0.0109661 0.0014372 0.0000010 0.0094968 0.0094968 0.0095269 0.0023703 0.0000010 0.0000021 0.0007673 0.0155320 0.0136044 0.0103694 0.0192654 0.0101973 0.0102177 0.0092899 0.0135321 0.0148015 0.0106940 0.0031763 0.0122519 0.0095760 0.0106711 0.0104307 0.0105169 0.0100076 
KU174465_Eimeria_apionodes                      0.0000010 0.0000010 0.0347430 0.0575404 0.0474246 0.0035153 0.0248313 0.0035208 0.0035153 0.0067067 0.0063334 0.0086959 0.0047344 0.0047191 0.0047344 0.0056703 0.0035153 0.0035153 0.0000000 0.0000010 0.0023488 0.0035153 0.0059459 0.0106009 0.0029787 0.0035153 0.0047084 0.0023446 0.0047061 0.0046998 0.0052441 0.0108249 0.0195350 0.0047061 0.0261677 0.0225308 0.0428529 0.0261956 0.0247788 0.0273532 0.0035153 0.0071548 0.0023446 0.0234356 0.0234356 0.0083233 0.0071648 0.0183698 0.0198990 0.0261513 0.0035153 0.0035153 0.0119424 0.0035153 0.0082764 0.0056242 0.0035153 0.0035153 0.0035390 0.0035153 0.0041882 0.0035153 0.0027420 0.0035153 0.0035185 0.0035153 0.0035153 0.0000010 0.0120969 0.0000010 0.0263105 0.0276166 0.0346274 0.0263211 0.0236529 0.0447487 0.0571707 0.0276319 0.0275659 0.0304507 0.0223508 0.0249011 0.0025997 0.0023446 0.0000010 0.0023446 0.0045094 0.0000010 0.0184664 0.0000010 0.0046954 0.0108249 0.0000010 0.0116833 0.0107397 0.0093674 0.0093674 0.0108026 0.0121472 0.0053715 0.0093813 0.0121726 0.0039379 0.0096139 0.0094541 0.0000010 0.0039321 0.0035208 0.0065895 0.0107237 0.0108249 0.0063907 0.0120617 0.0000010 0.0108249 0.0133571 0.0000010 0.0093813 0.0102040 0.0108355 0.0000010 0.0118338 0.0108249 0.0035153 0.0093674 0.0108249 0.0108249 0.0042288 0.0108249 0.0108249 0.0102371 0.0093813 0.0094362 0.0108249 0.0090181 0.0000010 0.0045099 0.0070070 0.0000010 0.0046954 0.0108249 0.0071096 0.0046954 0.0108249 0.0134537 0.0108249 0.0108249 0.0108249 0.0120461 0.0120461 0.0108249 0.0120461 0.0107237 0.0108249 0.0120461 0.0108249 0.0108249 0.0103442 0.0052441 0.0118209 0.0108747 0.0138434 0.0000025 0.0108249 0.0108249 0.0108249 0.0117154 0.0108538 0.0108249 0.0108249 0.0059169 0.0035210 0.0108249 0.0108249 0.0108249 0.0046954 0.0035153 0.0035208 0.0046954 0.0175164 0.0192860 0.0120461 0.0167156 0.0121942 0.0108249 0.0116076 0.0108249 0.0151011 0.0094362 0.0011712 0.0153409 0.0110569 0.0108249 0.0108249 0.0120461 0.0110787 
