196
Proti15_25_F.Proti440R_28_R_ASV_1               0.0000000 0.0058675 0.0000010 0.0000010 0.0386644 0.0152657 0.0093501 0.0086719 0.0086719 0.0086719 0.0000010 0.0000010 0.0086719 0.0000010 0.0099418 0.0000010 0.0083852 0.0083575 0.0126520 0.0086719 0.0086719 0.0085401 0.0183698 0.0000010 0.0000010 0.0086719 0.0131472 0.0127373 0.0102740 0.0088641 0.0000010 0.0000010 0.0118221 0.0149905 0.0085736 0.0033000 0.0585693 0.0103246 0.0133277 0.0087374 0.0132593 0.0087140 0.0132004 0.0087374 0.0087374 0.0177868 0.0086719 0.0252479 0.0173514 0.0252479 0.0086719 0.0117587 0.0000010 0.0086719 0.0000010 0.0000010 0.0086719 0.0086719 0.0083188 0.0107169 0.0000010 0.0109550 0.0000010 0.0107959 0.0086719 0.0086719 0.0088489 0.0000010 0.0000010 0.0090926 0.0264513 0.0139215 0.0304975 0.0127240 0.0160430 0.0268748 0.0327825 0.0236038 0.0136510 0.0340058 0.0129954 0.0176020 0.0000010 0.0121483 0.0086719 0.0148995 0.0000010 0.0085905 0.0000010 0.0098354 0.0058675 0.0000010 0.0000010 0.0000010 0.0000010 0.0000010 0.0000010 0.0000010 0.0000010 0.0000010 0.0000010 0.0000010 0.0000010 0.0000010 0.0000010 0.0000010 0.0000010 0.0093949 0.0000010 0.0000010 0.0000010 0.0000010 0.0000010 0.0093949 0.0000010 0.0108611 0.0000010 0.0000010 0.0000010 0.0000010 0.0088809 0.0000010 0.0000010 0.0086719 0.0000010 0.0000010 0.0000010 0.0000010 0.0000010 0.0000010 0.0000010 0.0000010 0.0000010 0.0046368 0.0000010 0.0000010 0.0000010 0.0000010 0.0111991 0.0086719 0.0000010 0.0124052 0.0093949 0.0000010 0.0000010 0.0000010 0.0000010 0.0000010 0.0000010 0.0000010 0.0000010 0.0000010 0.0000010 0.0000010 0.0000010 0.0000010 0.0000010 0.0099911 0.0000010 0.0000010 0.0000010 0.0000010 0.0112856 0.0000010 0.0000010 0.0000010 0.0000010 0.0000010 0.0000010 0.0000010 0.0083188 0.0083188 0.0000010 0.0000010 0.0000010 0.0079552 0.0072824 0.0072609 0.0071818 0.0110036 0.0000010 0.0000010 0.0110755 0.0000010 0.0033284 0.0000010 0.0000010 0.0000010 0.0000010 0.0114082 0.0000010 0.0000010 0.0000010 0.0000010 0.0000010 0.0000010 
Proti15_25_F.Proti440R_28_R_ASV_2               0.0058675 0.0000000 0.0000010 0.0000010 0.0483702 0.0049575 0.0192155 0.0000010 0.0000010 0.0000010 0.0000010 0.0000010 0.0000010 0.0000010 0.0000010 0.0000010 0.0000010 0.0000010 0.0000010 0.0000010 0.0000010 0.0000010 0.0089720 0.0000010 0.0000010 0.0000010 0.0042844 0.0041540 0.0033651 0.0029094 0.0000010 0.0099418 0.0201586 0.0088586 0.0175809 0.0100945 0.0503784 0.0175513 0.0227894 0.0179243 0.0043208 0.0000010 0.0043018 0.0179243 0.0179243 0.0086938 0.0000010 0.0331212 0.0084870 0.0331212 0.0000010 0.0000010 0.0000010 0.0000010 0.0000010 0.0000010 0.0000010 0.0000010 0.0000010 0.0000010 0.0000010 0.0000010 0.0000010 0.0000010 0.0000010 0.0000010 0.0000010 0.0000010 0.0062090 0.0029838 0.0172509 0.0213004 0.0343444 0.0194364 0.0228734 0.0342237 0.0408705 0.0321740 0.0208775 0.0415677 0.0198567 0.0251363 0.0000010 0.0000010 0.0000010 0.0048413 0.0000010 0.0000010 0.0000010 0.0000010 0.0000010 0.0094798 0.0000010 0.0000010 0.0000010 0.0000010 0.0000010 0.0000010 0.0000010 0.0000010 0.0000010 0.0000010 0.0000010 0.0087140 0.0000010 0.0000010 0.0000010 0.0000010 0.0000010 0.0000010 0.0111011 0.0000010 0.0087140 0.0000010 0.0088809 0.0223986 0.0000010 0.0000010 0.0000010 0.0096674 0.0000010 0.0000010 0.0093949 0.0000010 0.0000010 0.0115333 0.0087140 0.0000010 0.0110042 0.0086719 0.0000010 0.0000010 0.0000010 0.0142939 0.0000010 0.0000010 0.0000010 0.0000010 0.0000010 0.0000010 0.0086719 0.0040481 0.0000010 0.0088809 0.0000010 0.0093949 0.0093949 0.0093949 0.0110042 0.0101057 0.0088809 0.0093949 0.0000010 0.0099418 0.0093949 0.0099418 0.0088809 0.0099911 0.0000010 0.0000010 0.0084816 0.0000010 0.0000010 0.0088175 0.0086719 0.0086719 0.0000010 0.0088175 0.0086719 0.0083188 0.0000010 0.0000010 0.0083188 0.0083188 0.0083467 0.0000010 0.0000010 0.0000010 0.0000010 0.0110036 0.0000010 0.0071259 0.0188596 0.0135141 0.0101806 0.0000010 0.0071818 0.0071818 0.0000010 0.0000010 0.0000010 0.0142208 0.0110042 0.0113568 0.0111493 0.0143859 
JQ993669_Isospora_sp._ex_Talpa_europaea         0.0000010 0.0000010 0.0000000 0.0079236 0.0135651 0.0243475 0.0244823 0.0244289 0.0244632 0.0369415 0.0237808 0.0277850 0.0216989 0.0327399 0.0216989 0.0223775 0.0248586 0.0244050 0.0331037 0.0235363 0.0235869 0.0244632 0.0226445 0.0253186 0.0210096 0.0244050 0.0261812 0.0234879 0.0262332 0.0261987 0.0254778 0.0261638 0.0225418 0.0235377 0.0287312 0.0360573 0.0568579 0.0215742 0.0233701 0.0243149 0.0243475 0.0245918 0.0252819 0.0216539 0.0215879 0.0234413 0.0234498 0.0225292 0.0199185 0.0243697 0.0247394 0.0244050 0.0286924 0.0244226 0.0271376 0.0275738 0.0244632 0.0244050 0.0236140 0.0244050 0.0253768 0.0244226 0.0233422 0.0247394 0.0246513 0.0244632 0.0244632 0.0197322 0.0281315 0.0286227 0.0224137 0.0207498 0.0263183 0.0198776 0.0206992 0.0310651 0.0442305 0.0207581 0.0253056 0.0253498 0.0198057 0.0206792 0.0232584 0.0235673 0.0235194 0.0234879 0.0345702 0.0234974 0.0322535 0.0239446 0.0252451 0.0256674 0.0243198 0.0274822 0.0286046 0.0275486 0.0275486 0.0246075 0.0296984 0.0267516 0.0275260 0.0297702 0.0254203 0.0265343 0.0277115 0.0235420 0.0254203 0.0250836 0.0275154 0.0285812 0.0264883 0.0225001 0.0264823 0.0244872 0.0274936 0.0276238 0.0244554 0.0286514 0.0270238 0.0275559 0.0241322 0.0278294 0.0273154 0.0253904 0.0275260 0.0270894 0.0268142 0.0261258 0.0260435 0.0265078 0.0283337 0.0275486 0.0266563 0.0267880 0.0265432 0.0243198 0.0291659 0.0282564 0.0237360 0.0261094 0.0264082 0.0266453 0.0240041 0.0274936 0.0280620 0.0269580 0.0267484 0.0263568 0.0279829 0.0285850 0.0270894 0.0282577 0.0285812 0.0270894 0.0277173 0.0270894 0.0264883 0.0271064 0.0254778 0.0263581 0.0256849 0.0366668 0.0236714 0.0265348 0.0263329 0.0264588 0.0294541 0.0325766 0.0262699 0.0284531 0.0263921 0.0245093 0.0262513 0.0262513 0.0263329 0.0274796 0.0236137 0.0237180 0.0246122 0.0275380 0.0338985 0.0280518 0.0244526 0.0267147 0.0255913 0.0281503 0.0298358 0.0246433 0.0274884 0.0211086 0.0329010 0.0248092 0.0255057 0.0256674 0.0285422 0.0260258 
JQ993670_Isospora_sp._ex_Talpa_europaea         0.0000010 0.0000010 0.0079236 0.0000000 0.0138579 0.0324612 0.0366462 0.0325035 0.0325682 0.0743829 0.0300126 0.0338634 0.0300126 0.0447283 0.0300126 0.0300126 0.0333444 0.0324612 0.0577199 0.0312639 0.0313554 0.0325682 0.0313613 0.0338331 0.0210679 0.0324612 0.0350416 0.0312756 0.0351353 0.0350385 0.0354627 0.0367641 0.0352477 0.0313672 0.0459790 0.0393874 0.0394572 0.0339665 0.0364884 0.0365246 0.0324612 0.0355484 0.0337837 0.0352542 0.0352183 0.0337334 0.0339028 0.0338230 0.0328043 0.0378956 0.0330780 0.0324612 0.0324612 0.0324938 0.0339351 0.0403977 0.0325682 0.0324612 0.0314038 0.0324612 0.0325682 0.0324938 0.0247600 0.0330780 0.0333081 0.0325682 0.0325682 0.0197836 0.0365789 0.0448881 0.0350731 0.0301719 0.0341309 0.0289494 0.0326942 0.0449981 0.0521695 0.0301719 0.0380002 0.0367285 0.0314451 0.0313344 0.0321023 0.0317356 0.0312326 0.0312756 0.0486019 0.0312023 0.0595721 0.0320160 0.0337144 0.0349993 0.0342558 0.0395088 0.0409414 0.0393506 0.0393506 0.0366532 0.0426093 0.0374326 0.0393024 0.0409414 0.0359268 0.0334832 0.0394008 0.0319983 0.0359268 0.0337183 0.0390034 0.0408905 0.0361093 0.0317772 0.0348006 0.0330317 0.0375757 0.0395094 0.0342973 0.0410376 0.0349993 0.0376974 0.0323641 0.0397210 0.0372334 0.0342948 0.0393024 0.0368024 0.0362780 0.0370490 0.0357272 0.0361473 0.0397550 0.0393506 0.0397054 0.0362289 0.0367072 0.0342558 0.0374618 0.0339817 0.0320555 0.0352130 0.0355157 0.0347921 0.0325668 0.0375757 0.0354803 0.0365509 0.0361531 0.0358584 0.0380534 0.0392130 0.0368024 0.0385787 0.0408905 0.0368024 0.0413104 0.0368024 0.0361093 0.0373079 0.0354627 0.0357857 0.0357163 0.0498332 0.0302432 0.0357521 0.0353756 0.0356103 0.0415364 0.0445434 0.0352579 0.0447823 0.0353269 0.0326002 0.0352230 0.0352230 0.0353756 0.0383808 0.0322911 0.0324928 0.0337435 0.0777368 0.0378250 0.0391898 0.0636318 0.0370511 0.0353436 0.0362608 0.0416809 0.0650638 0.0392237 0.0298537 0.0395284 0.0379205 0.0351739 0.0349993 0.0408084 0.0408367 
JQ993671_Isospora_sp._ex_Talpa_europaea         0.0386644 0.0483702 0.0135651 0.0138579 0.0000000 0.0362349 0.0354508 0.0366127 0.0366610 0.0515907 0.0287271 0.0329021 0.0350325 0.0401670 0.0349369 0.0281282 0.0369958 0.0363294 0.0475482 0.0357910 0.0358592 0.0365591 0.0362304 0.0367804 0.0271523 0.0365812 0.0384114 0.0349649 0.0383338 0.0374142 0.0349082 0.0395778 0.0318710 0.0342136 0.0390003 0.0465086 0.0648103 0.0300604 0.0334438 0.0342933 0.0368575 0.0378572 0.0377318 0.0323638 0.0322736 0.0392611 0.0369833 0.0350640 0.0315247 0.0367288 0.0370376 0.0354293 0.0335787 0.0366056 0.0321238 0.0335537 0.0366610 0.0365812 0.0356172 0.0359297 0.0333269 0.0360022 0.0262092 0.0363901 0.0373287 0.0366610 0.0367968 0.0254728 0.0393408 0.0432868 0.0354205 0.0285250 0.0368417 0.0277654 0.0284652 0.0401964 0.0537458 0.0285349 0.0325371 0.0333746 0.0276784 0.0292758 0.0323697 0.0352178 0.0357672 0.0370707 0.0441731 0.0356757 0.0417303 0.0371701 0.0365497 0.0391248 0.0329358 0.0391449 0.0398940 0.0387512 0.0387512 0.0370987 0.0410788 0.0346459 0.0387621 0.0411810 0.0340836 0.0383611 0.0390643 0.0325661 0.0340454 0.0380532 0.0362613 0.0398148 0.0377510 0.0348221 0.0392155 0.0376510 0.0403270 0.0420997 0.0331227 0.0399590 0.0379304 0.0410398 0.0367767 0.0396549 0.0405013 0.0379203 0.0387182 0.0384172 0.0392730 0.0356314 0.0374744 0.0392148 0.0406333 0.0387952 0.0392143 0.0406999 0.0391368 0.0328989 0.0378427 0.0339496 0.0350369 0.0384946 0.0386966 0.0396672 0.0374245 0.0403270 0.0365070 0.0400110 0.0397227 0.0395928 0.0389783 0.0413562 0.0397866 0.0413874 0.0398148 0.0396050 0.0423111 0.0396050 0.0393677 0.0405726 0.0349082 0.0386820 0.0379448 0.0485038 0.0345941 0.0389851 0.0385962 0.0387642 0.0418061 0.0447733 0.0385115 0.0398191 0.0373542 0.0364386 0.0381863 0.0381863 0.0383201 0.0409984 0.0368045 0.0369460 0.0377137 0.0492380 0.0413637 0.0412016 0.0458256 0.0395660 0.0387833 0.0392004 0.0427222 0.0427228 0.0388834 0.0327280 0.0436556 0.0384455 0.0371385 0.0371498 0.0398259 0.0403276 
JQ993665_Eimeria_nafuko                         0.0152657 0.0049575 0.0243475 0.0324612 0.0362349 0.0000000 0.0177114 0.0007357 0.0007366 0.0050855 0.0042754 0.0054187 0.0044604 0.0000010 0.0044604 0.0040364 0.0007472 0.0007351 0.0035159 0.0029531 0.0007372 0.0007366 0.0052228 0.0062272 0.0013378 0.0007351 0.0021928 0.0021923 0.0021954 0.0029274 0.0009116 0.0108467 0.0151359 0.0044070 0.0221005 0.0184466 0.0254767 0.0199109 0.0174686 0.0174700 0.0007283 0.0067665 0.0051436 0.0152722 0.0152313 0.0082293 0.0074280 0.0112562 0.0137384 0.0175048 0.0007436 0.0000010 0.0030895 0.0007355 0.0010532 0.0012816 0.0007366 0.0007351 0.0007381 0.0000010 0.0000010 0.0000010 0.0000010 0.0000010 0.0007665 0.0007366 0.0007366 0.0000010 0.0120310 0.0039991 0.0167970 0.0191764 0.0265809 0.0199790 0.0183517 0.0291761 0.0426659 0.0191832 0.0240451 0.0232387 0.0183437 0.0191185 0.0027073 0.0023533 0.0029513 0.0036669 0.0000010 0.0029490 0.0163882 0.0029967 0.0014580 0.0110589 0.0028399 0.0076130 0.0096934 0.0106671 0.0106671 0.0068450 0.0106967 0.0009602 0.0106705 0.0107212 0.0000024 0.0102086 0.0107470 0.0035313 0.0000024 0.0007523 0.0018944 0.0096757 0.0103415 0.0056583 0.0094079 0.0038282 0.0118133 0.0132390 0.0028546 0.0116824 0.0101648 0.0118359 0.0030164 0.0077043 0.0109318 0.0007600 0.0106590 0.0102624 0.0107589 0.0000025 0.0113452 0.0110002 0.0114477 0.0106786 0.0107879 0.0107497 0.0105728 0.0028369 0.0010403 0.0000010 0.0023421 0.0015109 0.0106176 0.0030920 0.0015535 0.0118133 0.0113418 0.0108085 0.0107353 0.0109458 0.0093880 0.0110592 0.0108533 0.0101378 0.0096757 0.0108533 0.0113120 0.0108533 0.0109934 0.0122062 0.0009116 0.0094453 0.0106867 0.0123917 0.0022582 0.0106617 0.0105913 0.0106352 0.0103874 0.0155399 0.0105695 0.0123720 0.0022247 0.0007377 0.0105632 0.0105632 0.0105913 0.0032714 0.0007918 0.0007948 0.0015867 0.0155503 0.0136164 0.0115690 0.0205405 0.0102043 0.0113932 0.0092960 0.0148472 0.0173989 0.0107013 0.0031768 0.0122627 0.0095823 0.0106786 0.0104378 0.0105244 0.0100144 
JQ993659_Eimeria_alorani                        0.0093501 0.0192155 0.0244823 0.0366462 0.0354508 0.0177114 0.0000000 0.0167114 0.0166974 0.0291877 0.0154633 0.0156342 0.0175034 0.0223897 0.0176978 0.0156663 0.0169360 0.0166974 0.0248686 0.0159294 0.0159591 0.0166974 0.0199023 0.0212390 0.0067543 0.0166974 0.0182845 0.0182784 0.0183056 0.0190685 0.0170665 0.0214505 0.0066653 0.0199265 0.0098389 0.0291901 0.0440555 0.0112082 0.0029314 0.0044068 0.0175130 0.0183271 0.0198702 0.0021925 0.0021925 0.0222493 0.0190887 0.0089549 0.0098009 0.0044154 0.0168506 0.0172934 0.0171363 0.0166974 0.0153068 0.0173450 0.0166974 0.0166974 0.0167664 0.0170716 0.0158499 0.0171255 0.0087276 0.0172500 0.0165535 0.0166974 0.0166974 0.0063740 0.0223747 0.0206100 0.0151321 0.0112622 0.0207874 0.0120341 0.0120011 0.0224290 0.0344868 0.0112661 0.0159440 0.0151644 0.0119971 0.0112285 0.0168417 0.0179898 0.0159294 0.0184594 0.0235962 0.0159297 0.0059858 0.0162903 0.0174734 0.0208502 0.0156875 0.0225173 0.0229907 0.0239998 0.0239998 0.0201750 0.0240675 0.0180099 0.0240068 0.0241246 0.0167238 0.0198551 0.0241851 0.0155086 0.0167057 0.0170903 0.0187471 0.0229472 0.0212429 0.0205529 0.0190295 0.0164938 0.0215048 0.0254513 0.0157719 0.0250985 0.0228387 0.0216983 0.0162458 0.0227969 0.0214220 0.0172344 0.0239805 0.0219461 0.0210331 0.0179910 0.0224825 0.0206606 0.0258121 0.0240261 0.0242763 0.0218893 0.0246249 0.0156706 0.0195848 0.0122517 0.0162365 0.0179064 0.0207548 0.0190794 0.0176172 0.0215048 0.0222674 0.0211770 0.0210331 0.0206025 0.0209379 0.0210705 0.0212208 0.0206037 0.0229472 0.0214641 0.0220794 0.0214641 0.0206474 0.0261596 0.0170665 0.0238637 0.0200930 0.0301438 0.0164559 0.0208417 0.0207030 0.0207896 0.0246889 0.0259902 0.0207158 0.0241151 0.0175126 0.0167146 0.0207030 0.0207030 0.0207158 0.0202173 0.0171142 0.0171795 0.0179640 0.0414796 0.0268947 0.0217402 0.0369166 0.0218746 0.0214079 0.0253232 0.0250348 0.0320625 0.0240785 0.0156014 0.0265212 0.0227594 0.0219530 0.0214467 0.0225819 0.0238202 
KU174470_Eimeria_apionodes                      0.0086719 0.0000010 0.0244289 0.0325035 0.0366127 0.0007357 0.0167114 0.0000000 0.0000020 0.0036608 0.0042801 0.0054252 0.0036282 0.0000028 0.0037074 0.0040408 0.0000021 0.0000020 0.0035212 0.0021622 0.0000021 0.0000020 0.0058768 0.0062336 0.0013378 0.0000020 0.0021634 0.0028866 0.0014420 0.0021635 0.0009125 0.0100449 0.0141521 0.0043564 0.0207732 0.0174096 0.0242945 0.0188558 0.0164583 0.0164595 0.0007200 0.0058743 0.0043445 0.0141534 0.0141448 0.0080411 0.0065867 0.0118691 0.0128057 0.0180525 0.0000020 0.0000021 0.0030930 0.0000020 0.0010545 0.0012833 0.0000020 0.0000020 0.0000021 0.0000021 0.0000022 0.0000021 0.0000010 0.0000021 0.0000021 0.0000020 0.0000020 0.0000010 0.0111108 0.0029030 0.0165967 0.0189469 0.0262572 0.0197395 0.0181326 0.0288176 0.0402534 0.0189535 0.0237544 0.0229580 0.0181248 0.0188902 0.0027101 0.0023555 0.0021610 0.0029459 0.0000028 0.0021610 0.0164253 0.0022381 0.0007184 0.0101626 0.0028428 0.0076218 0.0097041 0.0106790 0.0106790 0.0068532 0.0107085 0.0009612 0.0106823 0.0107331 0.0000024 0.0091940 0.0107591 0.0035348 0.0000024 0.0000021 0.0009470 0.0096863 0.0103501 0.0056645 0.0084137 0.0030271 0.0107923 0.0132526 0.0028575 0.0116954 0.0101746 0.0109675 0.0022161 0.0077143 0.0100321 0.0000021 0.0106709 0.0102712 0.0097521 0.0000025 0.0113551 0.0099570 0.0114614 0.0106905 0.0107992 0.0106496 0.0105838 0.0028398 0.0010414 0.0000010 0.0023442 0.0007371 0.0096196 0.0022614 0.0007677 0.0107923 0.0113547 0.0099202 0.0098547 0.0100446 0.0093958 0.0102676 0.0098679 0.0092492 0.0096863 0.0100510 0.0103064 0.0100510 0.0099925 0.0122179 0.0009125 0.0094563 0.0096802 0.0124106 0.0022601 0.0096859 0.0095964 0.0096351 0.0103996 0.0144369 0.0095772 0.0110743 0.0014474 0.0000020 0.0095716 0.0095716 0.0095964 0.0023892 0.0000021 0.0000021 0.0007732 0.0155829 0.0136348 0.0104588 0.0195721 0.0102142 0.0103043 0.0093081 0.0136523 0.0150347 0.0107132 0.0031788 0.0122778 0.0095927 0.0106881 0.0104468 0.0105350 0.0100258 
KU174461_Eimeria_apionodes                      0.0086719 0.0000010 0.0244632 0.0325682 0.0366610 0.0007366 0.0166974 0.0000020 0.0000000 0.0036558 0.0042841 0.0054346 0.0036302 0.0000010 0.0037095 0.0040442 0.0000010 0.0000010 0.0035159 0.0021634 0.0000026 0.0000010 0.0058802 0.0062423 0.0013378 0.0000010 0.0021659 0.0028899 0.0014439 0.0021660 0.0009116 0.0100355 0.0141691 0.0043613 0.0207558 0.0174310 0.0243256 0.0188790 0.0164782 0.0164795 0.0007208 0.0058694 0.0043494 0.0141618 0.0141618 0.0080503 0.0065944 0.0118826 0.0128213 0.0180746 0.0000010 0.0000010 0.0030981 0.0000010 0.0010532 0.0012816 0.0000010 0.0000010 0.0000026 0.0000010 0.0000010 0.0000010 0.0000010 0.0000010 0.0000010 0.0000010 0.0000010 0.0000010 0.0111234 0.0029006 0.0166170 0.0189702 0.0262906 0.0197639 0.0181548 0.0288551 0.0412408 0.0189769 0.0237842 0.0229868 0.0181470 0.0189135 0.0027073 0.0023533 0.0021634 0.0029493 0.0000010 0.0021635 0.0163882 0.0022362 0.0007192 0.0101539 0.0028399 0.0076130 0.0096934 0.0106671 0.0106671 0.0068450 0.0106967 0.0009602 0.0106705 0.0107212 0.0000024 0.0091860 0.0107470 0.0035313 0.0000024 0.0000021 0.0018944 0.0096757 0.0103415 0.0056583 0.0084070 0.0030247 0.0107832 0.0132390 0.0028546 0.0116824 0.0101648 0.0109580 0.0022144 0.0077043 0.0100227 0.0000010 0.0106590 0.0102624 0.0097432 0.0000025 0.0113452 0.0099477 0.0114477 0.0106786 0.0107879 0.0106398 0.0105728 0.0028369 0.0010403 0.0000010 0.0023421 0.0007365 0.0096114 0.0022595 0.0007670 0.0107832 0.0113418 0.0099119 0.0098457 0.0100362 0.0093880 0.0102577 0.0098589 0.0092407 0.0096757 0.0100417 0.0102961 0.0100417 0.0099841 0.0122062 0.0009116 0.0094453 0.0096721 0.0123917 0.0022582 0.0096776 0.0095882 0.0096269 0.0103874 0.0144240 0.0095882 0.0110627 0.0014463 0.0000010 0.0095826 0.0095826 0.0095882 0.0023871 0.0000010 0.0000021 0.0007725 0.0155503 0.0136164 0.0104492 0.0195396 0.0102043 0.0102948 0.0092960 0.0136393 0.0150097 0.0107013 0.0031768 0.0122627 0.0095823 0.0106786 0.0104378 0.0105244 0.0100144 
KU174464_Eimeria_apionodes                      0.0086719 0.0000010 0.0369415 0.0743829 0.0515907 0.0050855 0.0291877 0.0036608 0.0036558 0.0000000 0.0164904 0.0199918 0.0086678 0.0056544 0.0089958 0.0143109 0.0036558 0.0036558 0.0067101 0.0061148 0.0000021 0.0036558 0.0126451 0.0163019 0.0130099 0.0036558 0.0061325 0.0061148 0.0048942 0.0048886 0.0060827 0.0156984 0.0203734 0.0098951 0.0286416 0.0276055 0.0449267 0.0273566 0.0285556 0.0272174 0.0049003 0.0112488 0.0073856 0.0244576 0.0244576 0.0150360 0.0112502 0.0231648 0.0235282 0.0300835 0.0036558 0.0039473 0.0151120 0.0036558 0.0105811 0.0070053 0.0036558 0.0036558 0.0036805 0.0038633 0.0049096 0.0038836 0.0076615 0.0038701 0.0036593 0.0036558 0.0036764 0.0087389 0.0164765 0.0061148 0.0303167 0.0303288 0.0420549 0.0317093 0.0288569 0.0483435 0.0633227 0.0303473 0.0302701 0.0333429 0.0288255 0.0274514 0.0075809 0.0066694 0.0061148 0.0076288 0.0053566 0.0061209 0.0243434 0.0063258 0.0048823 0.0155001 0.0076343 0.0155796 0.0141100 0.0156879 0.0156879 0.0142065 0.0157777 0.0062547 0.0157151 0.0158167 0.0045685 0.0138635 0.0158583 0.0076628 0.0045607 0.0037418 0.0076498 0.0140856 0.0161408 0.0118941 0.0138687 0.0062503 0.0152208 0.0188684 0.0076890 0.0157151 0.0173563 0.0155989 0.0061556 0.0158186 0.0154617 0.0036558 0.0156879 0.0162880 0.0151376 0.0049646 0.0161063 0.0151165 0.0174230 0.0157151 0.0158228 0.0168134 0.0150082 0.0076214 0.0053567 0.0092890 0.0065305 0.0048823 0.0151165 0.0073972 0.0049903 0.0152208 0.0243690 0.0154617 0.0154617 0.0154617 0.0147329 0.0144225 0.0152208 0.0141449 0.0140856 0.0156984 0.0141449 0.0156984 0.0152208 0.0165811 0.0060827 0.0194019 0.0151900 0.0191177 0.0065826 0.0151893 0.0151165 0.0151165 0.0156311 0.0152319 0.0151165 0.0151165 0.0061550 0.0036619 0.0151165 0.0151165 0.0151165 0.0048823 0.0036558 0.0036608 0.0048823 0.0156331 0.0278124 0.0138298 0.0196197 0.0154309 0.0151165 0.0202787 0.0151165 0.0150714 0.0158228 0.0079123 0.0208543 0.0170457 0.0161063 0.0162285 0.0147803 0.0170850 
KU174480_Eimeria_apionodes                      0.0000010 0.0000010 0.0237808 0.0300126 0.0287271 0.0042754 0.0154633 0.0042801 0.0042841 0.0164904 0.0000000 0.0054497 0.0000010 0.0063342 0.0000010 0.0000010 0.0043751 0.0042754 0.0063364 0.0032037 0.0032123 0.0042841 0.0010618 0.0042656 0.0000010 0.0042754 0.0064425 0.0032078 0.0064588 0.0064428 0.0062446 0.0090064 0.0131518 0.0032164 0.0217725 0.0132231 0.0098529 0.0177358 0.0142573 0.0142698 0.0042754 0.0043108 0.0053618 0.0131418 0.0131418 0.0042542 0.0042872 0.0064714 0.0132950 0.0154265 0.0043435 0.0042754 0.0042754 0.0042754 0.0053787 0.0070013 0.0042841 0.0042754 0.0043007 0.0042754 0.0042841 0.0042754 0.0024539 0.0043435 0.0045383 0.0042841 0.0042841 0.0012602 0.0097965 0.0051534 0.0166231 0.0143403 0.0189560 0.0132299 0.0143403 0.0274355 0.0376823 0.0143403 0.0237171 0.0201247 0.0132220 0.0154231 0.0036938 0.0033759 0.0032037 0.0032078 0.0070793 0.0032010 0.0236079 0.0032727 0.0053519 0.0092648 0.0039102 0.0085967 0.0120025 0.0106503 0.0106503 0.0080512 0.0133806 0.0065501 0.0106391 0.0134083 0.0052386 0.0080368 0.0106618 0.0047293 0.0052386 0.0044186 0.0078738 0.0119898 0.0091845 0.0039918 0.0091936 0.0045047 0.0103773 0.0106892 0.0039150 0.0120286 0.0092648 0.0104064 0.0033040 0.0086379 0.0091096 0.0044856 0.0106391 0.0090144 0.0089008 0.0053829 0.0106340 0.0091929 0.0107482 0.0106503 0.0107368 0.0088899 0.0108961 0.0039102 0.0065548 0.0048231 0.0034060 0.0055574 0.0087332 0.0057029 0.0057909 0.0103773 0.0087257 0.0089604 0.0088739 0.0091264 0.0101382 0.0116202 0.0090144 0.0102637 0.0119898 0.0090144 0.0120999 0.0090144 0.0091845 0.0118915 0.0062446 0.0082350 0.0087779 0.0130826 0.0032265 0.0087855 0.0087021 0.0087540 0.0121707 0.0158291 0.0086842 0.0107993 0.0064898 0.0042877 0.0086767 0.0086767 0.0087021 0.0087633 0.0047679 0.0047939 0.0059772 0.0279804 0.0111909 0.0124266 0.0214302 0.0109869 0.0096825 0.0068980 0.0148185 0.0217860 0.0106198 0.0034628 0.0116344 0.0071732 0.0096416 0.0092648 0.0119681 0.0076500 
KU174483_Eimeria_apionodes                      0.0000010 0.0000010 0.0277850 0.0338634 0.0329021 0.0054187 0.0156342 0.0054252 0.0054346 0.0199918 0.0054497 0.0000000 0.0054497 0.0080925 0.0054497 0.0054497 0.0055517 0.0054187 0.0087002 0.0043349 0.0043466 0.0054346 0.0065689 0.0076331 0.0040489 0.0054187 0.0076215 0.0043367 0.0076410 0.0076217 0.0076236 0.0126721 0.0144510 0.0021586 0.0232827 0.0157059 0.0088185 0.0215228 0.0155729 0.0155867 0.0054187 0.0077228 0.0043182 0.0144530 0.0144398 0.0098581 0.0076727 0.0076560 0.0169832 0.0167660 0.0055112 0.0054187 0.0054187 0.0054234 0.0065507 0.0085652 0.0054346 0.0054187 0.0054505 0.0054187 0.0054346 0.0054234 0.0036918 0.0055112 0.0057621 0.0054346 0.0054346 0.0025284 0.0133441 0.0070363 0.0203854 0.0180352 0.0227923 0.0168986 0.0180352 0.0315590 0.0421647 0.0180352 0.0277081 0.0239970 0.0168882 0.0191371 0.0024830 0.0022685 0.0043311 0.0021528 0.0090682 0.0043274 0.0268357 0.0044295 0.0065119 0.0130452 0.0053092 0.0132797 0.0164463 0.0150491 0.0150491 0.0124135 0.0178776 0.0080033 0.0150327 0.0164463 0.0066675 0.0117548 0.0150659 0.0060086 0.0066675 0.0056077 0.0093537 0.0164285 0.0129293 0.0082040 0.0129422 0.0057189 0.0141672 0.0151050 0.0053148 0.0164831 0.0130452 0.0142079 0.0044727 0.0133453 0.0128207 0.0056942 0.0150327 0.0126837 0.0125208 0.0068545 0.0145260 0.0129414 0.0151911 0.0150491 0.0151744 0.0125044 0.0148926 0.0053092 0.0080095 0.0060333 0.0046129 0.0067716 0.0122797 0.0069517 0.0070607 0.0141672 0.0122688 0.0126067 0.0124815 0.0128458 0.0138333 0.0154704 0.0126837 0.0140083 0.0164285 0.0126837 0.0165835 0.0126837 0.0129293 0.0158399 0.0076236 0.0127046 0.0123438 0.0186020 0.0043657 0.0123548 0.0122351 0.0123096 0.0166835 0.0196701 0.0121982 0.0159232 0.0076850 0.0054393 0.0121874 0.0121874 0.0122351 0.0101894 0.0060584 0.0060932 0.0072917 0.0405487 0.0153053 0.0165700 0.0323896 0.0150192 0.0136471 0.0113538 0.0189964 0.0329718 0.0150049 0.0046909 0.0159289 0.0118200 0.0135877 0.0130452 0.0163980 0.0126300 
KU174462_Eimeria_apionodes                      0.0086719 0.0000010 0.0216989 0.0300126 0.0350325 0.0044604 0.0175034 0.0036282 0.0036302 0.0086678 0.0000010 0.0054497 0.0000000 0.0063526 0.0000010 0.0000010 0.0036821 0.0036252 0.0047353 0.0028985 0.0029035 0.0036302 0.0021783 0.0035272 0.0000010 0.0036252 0.0058282 0.0036297 0.0050997 0.0058284 0.0055417 0.0076851 0.0149334 0.0051087 0.0207877 0.0150695 0.0285152 0.0180576 0.0172485 0.0172499 0.0043640 0.0036494 0.0050988 0.0149256 0.0149256 0.0043381 0.0028977 0.0126408 0.0120230 0.0188509 0.0036642 0.0037918 0.0072928 0.0036252 0.0053254 0.0064974 0.0036302 0.0036252 0.0036398 0.0037448 0.0042816 0.0037562 0.0024539 0.0037904 0.0037757 0.0036302 0.0036424 0.0012602 0.0088481 0.0038995 0.0158037 0.0181447 0.0246540 0.0173824 0.0173348 0.0279702 0.0402759 0.0181510 0.0229319 0.0221385 0.0157872 0.0180905 0.0036377 0.0031589 0.0028985 0.0037047 0.0066831 0.0028985 0.0207948 0.0030006 0.0043544 0.0077746 0.0038173 0.0065046 0.0086993 0.0077149 0.0077149 0.0058504 0.0096965 0.0058408 0.0077173 0.0097187 0.0047875 0.0068588 0.0077724 0.0044475 0.0047824 0.0037560 0.0067215 0.0086834 0.0079183 0.0028138 0.0076254 0.0038055 0.0084339 0.0105379 0.0038372 0.0087131 0.0073525 0.0085701 0.0029713 0.0065828 0.0076754 0.0037442 0.0077091 0.0078573 0.0074622 0.0051406 0.0088723 0.0076183 0.0082763 0.0077232 0.0078013 0.0083231 0.0078895 0.0038132 0.0063352 0.0048231 0.0031437 0.0044663 0.0073615 0.0060911 0.0046534 0.0084339 0.0081988 0.0075901 0.0075404 0.0076848 0.0085857 0.0094466 0.0075503 0.0084514 0.0086834 0.0076898 0.0094142 0.0076898 0.0076452 0.0095419 0.0055417 0.0062592 0.0074078 0.0109701 0.0030304 0.0074121 0.0073438 0.0073734 0.0093201 0.0120934 0.0073336 0.0082529 0.0051162 0.0036359 0.0073293 0.0073293 0.0073438 0.0064389 0.0038983 0.0039128 0.0046869 0.0135286 0.0136291 0.0096225 0.0148987 0.0093306 0.0078827 0.0057710 0.0111806 0.0104141 0.0077395 0.0039981 0.0111112 0.0066706 0.0081747 0.0079908 0.0096225 0.0069698 
KU174463_Eimeria_apionodes                      0.0000010 0.0000010 0.0327399 0.0447283 0.0401670 0.0000010 0.0223897 0.0000028 0.0000010 0.0056544 0.0063342 0.0080925 0.0063526 0.0000000 0.0063526 0.0058235 0.0000010 0.0000010 0.0047200 0.0037673 0.0000024 0.0000010 0.0076623 0.0076549 0.0020120 0.0000010 0.0025091 0.0037729 0.0025166 0.0025049 0.0012500 0.0102778 0.0141769 0.0037795 0.0224396 0.0157054 0.0187926 0.0211030 0.0195777 0.0209389 0.0000010 0.0089658 0.0050388 0.0182427 0.0182427 0.0115104 0.0103055 0.0129304 0.0184865 0.0210649 0.0000010 0.0000010 0.0045040 0.0000010 0.0015453 0.0014417 0.0000010 0.0000010 0.0000024 0.0000010 0.0000010 0.0000010 0.0000010 0.0000010 0.0000010 0.0000010 0.0000010 0.0000010 0.0129821 0.0040308 0.0225572 0.0197518 0.0281324 0.0211324 0.0184248 0.0342514 0.0420546 0.0197518 0.0225303 0.0239886 0.0197584 0.0197440 0.0037729 0.0037729 0.0037673 0.0037729 0.0000010 0.0037674 0.0164531 0.0037635 0.0012500 0.0102778 0.0037635 0.0089746 0.0089746 0.0102778 0.0102778 0.0089746 0.0102997 0.0012518 0.0102778 0.0103098 0.0000028 0.0089851 0.0102925 0.0037674 0.0000028 0.0000028 0.0025067 0.0089746 0.0102778 0.0076460 0.0089881 0.0037635 0.0102778 0.0102778 0.0037727 0.0102778 0.0102778 0.0102876 0.0037635 0.0089881 0.0102778 0.0000010 0.0102778 0.0102778 0.0102778 0.0000028 0.0102778 0.0102778 0.0102778 0.0102778 0.0102778 0.0102778 0.0102778 0.0037635 0.0012522 0.0000010 0.0037635 0.0012500 0.0102873 0.0025138 0.0012500 0.0102778 0.0118000 0.0102778 0.0102778 0.0102778 0.0089746 0.0089746 0.0102778 0.0089746 0.0089746 0.0102778 0.0089746 0.0102778 0.0102778 0.0102778 0.0012500 0.0118224 0.0103613 0.0124246 0.0037854 0.0103055 0.0102778 0.0102873 0.0090161 0.0103063 0.0102873 0.0102778 0.0025218 0.0000010 0.0102778 0.0102778 0.0102873 0.0025118 0.0000010 0.0000028 0.0012500 0.0189621 0.0127547 0.0089746 0.0207756 0.0089746 0.0102778 0.0105172 0.0102778 0.0209829 0.0102778 0.0050436 0.0107091 0.0102778 0.0102778 0.0102778 0.0089746 0.0102778 
KU174468_Eimeria_apionodes                      0.0099418 0.0000010 0.0216989 0.0300126 0.0349369 0.0044604 0.0176978 0.0037074 0.0037095 0.0089958 0.0000010 0.0054497 0.0000010 0.0063526 0.0000000 0.0000010 0.0037637 0.0037043 0.0047353 0.0029617 0.0029669 0.0037095 0.0022129 0.0035272 0.0000010 0.0037043 0.0052051 0.0037090 0.0052115 0.0059562 0.0055417 0.0076851 0.0152687 0.0044643 0.0212689 0.0154111 0.0291937 0.0184662 0.0176375 0.0176389 0.0044595 0.0037265 0.0052106 0.0152606 0.0152606 0.0036925 0.0029584 0.0113638 0.0122820 0.0176743 0.0037450 0.0037918 0.0072928 0.0037043 0.0053254 0.0064974 0.0037095 0.0037043 0.0037195 0.0037448 0.0042816 0.0037562 0.0024539 0.0037904 0.0038615 0.0037095 0.0037095 0.0012602 0.0090444 0.0040148 0.0161614 0.0177258 0.0235174 0.0169488 0.0169015 0.0277358 0.0402889 0.0177321 0.0226023 0.0217938 0.0153252 0.0176718 0.0036377 0.0031589 0.0029617 0.0037145 0.0066831 0.0029617 0.0207948 0.0030056 0.0044495 0.0078343 0.0038173 0.0065046 0.0086993 0.0077149 0.0077149 0.0058504 0.0096965 0.0058408 0.0077173 0.0097187 0.0047875 0.0070102 0.0077724 0.0044475 0.0047824 0.0037895 0.0067215 0.0086834 0.0079183 0.0028138 0.0077937 0.0038398 0.0085921 0.0105379 0.0038372 0.0087131 0.0073525 0.0086084 0.0030253 0.0065828 0.0077451 0.0038287 0.0077091 0.0078573 0.0076234 0.0051406 0.0088723 0.0077930 0.0082763 0.0077232 0.0078013 0.0076170 0.0078895 0.0038132 0.0063352 0.0048231 0.0031437 0.0045665 0.0075246 0.0062308 0.0046961 0.0085921 0.0081988 0.0076583 0.0076077 0.0077547 0.0085857 0.0094466 0.0076898 0.0085282 0.0086834 0.0076898 0.0095096 0.0076898 0.0077882 0.0095419 0.0055417 0.0062592 0.0075730 0.0109701 0.0030304 0.0075556 0.0075061 0.0075370 0.0093201 0.0123322 0.0074954 0.0084819 0.0052287 0.0037155 0.0074910 0.0074910 0.0075061 0.0065952 0.0039900 0.0040051 0.0047973 0.0135286 0.0136291 0.0098551 0.0155819 0.0093306 0.0080700 0.0057710 0.0114497 0.0108912 0.0077395 0.0039981 0.0111112 0.0066706 0.0081747 0.0079908 0.0096225 0.0069698 
KU174479_Eimeria_apionodes                      0.0000010 0.0000010 0.0223775 0.0300126 0.0281282 0.0040364 0.0156663 0.0040408 0.0040442 0.0143109 0.0000010 0.0054497 0.0000010 0.0058235 0.0000010 0.0000000 0.0041252 0.0040364 0.0056727 0.0030248 0.0030324 0.0040442 0.0010028 0.0040277 0.0000010 0.0040364 0.0060809 0.0030285 0.0060954 0.0060811 0.0058406 0.0084778 0.0123992 0.0030361 0.0204913 0.0124624 0.0092896 0.0167094 0.0134409 0.0145063 0.0040364 0.0040680 0.0050612 0.0123903 0.0123903 0.0040175 0.0040469 0.0061066 0.0125264 0.0145393 0.0040971 0.0040364 0.0072928 0.0040364 0.0053254 0.0064974 0.0040442 0.0040364 0.0040590 0.0040364 0.0040442 0.0040364 0.0024539 0.0040971 0.0042699 0.0040442 0.0040442 0.0012602 0.0092394 0.0047057 0.0156620 0.0135147 0.0178527 0.0124686 0.0135147 0.0258036 0.0353798 0.0135147 0.0223216 0.0189515 0.0124616 0.0145364 0.0034571 0.0031779 0.0030248 0.0030285 0.0064473 0.0030224 0.0208784 0.0030862 0.0050524 0.0087064 0.0036470 0.0079647 0.0111770 0.0099189 0.0099189 0.0074943 0.0124575 0.0061070 0.0099092 0.0124815 0.0048842 0.0075564 0.0099289 0.0044386 0.0048842 0.0041639 0.0073470 0.0111660 0.0086355 0.0037179 0.0086435 0.0042403 0.0097545 0.0099527 0.0036502 0.0111996 0.0087064 0.0097801 0.0031141 0.0079997 0.0085692 0.0042233 0.0099092 0.0084849 0.0083842 0.0050095 0.0099809 0.0086429 0.0100039 0.0099189 0.0099940 0.0083744 0.0102114 0.0036470 0.0061113 0.0048231 0.0032045 0.0052351 0.0082352 0.0064597 0.0054418 0.0097545 0.0082286 0.0084370 0.0083602 0.0085841 0.0095428 0.0109176 0.0084849 0.0096540 0.0111660 0.0084849 0.0112615 0.0084849 0.0086355 0.0111568 0.0058406 0.0076533 0.0082750 0.0119962 0.0030451 0.0082817 0.0082076 0.0082538 0.0113229 0.0148964 0.0081916 0.0099493 0.0061229 0.0040474 0.0081850 0.0081850 0.0082076 0.0081951 0.0044726 0.0044958 0.0056061 0.0222283 0.0136291 0.0116265 0.0173125 0.0102912 0.0090743 0.0064084 0.0138701 0.0175438 0.0098925 0.0032547 0.0108571 0.0066452 0.0090383 0.0087064 0.0111471 0.0070524 
KU174449_Eimeria_apionodes                      0.0083852 0.0000010 0.0248586 0.0333444 0.0369958 0.0007472 0.0169360 0.0000021 0.0000010 0.0036558 0.0043751 0.0055517 0.0036821 0.0000010 0.0037637 0.0041252 0.0000000 0.0000010 0.0035159 0.0021929 0.0000026 0.0000010 0.0059652 0.0063457 0.0013378 0.0000010 0.0021967 0.0029175 0.0021906 0.0021842 0.0009116 0.0100355 0.0142915 0.0043982 0.0206997 0.0183508 0.0245456 0.0190437 0.0167207 0.0167220 0.0007310 0.0059301 0.0044115 0.0143693 0.0143693 0.0081594 0.0066894 0.0135709 0.0129333 0.0198800 0.0000010 0.0000010 0.0031615 0.0000010 0.0010751 0.0012816 0.0000010 0.0000010 0.0000026 0.0000010 0.0000010 0.0000010 0.0000010 0.0000010 0.0000010 0.0000010 0.0000010 0.0000010 0.0119686 0.0028786 0.0167621 0.0191365 0.0265246 0.0199374 0.0183136 0.0291139 0.0406788 0.0191433 0.0239946 0.0231899 0.0183056 0.0182979 0.0027073 0.0023533 0.0021929 0.0029921 0.0000010 0.0021894 0.0163882 0.0022375 0.0007252 0.0109366 0.0028399 0.0087022 0.0106646 0.0116388 0.0116388 0.0078242 0.0116710 0.0009602 0.0116425 0.0116978 0.0000024 0.0099531 0.0117260 0.0035313 0.0000024 0.0000021 0.0018944 0.0106450 0.0111386 0.0066025 0.0091728 0.0030247 0.0115551 0.0141237 0.0028546 0.0126580 0.0110907 0.0117426 0.0022144 0.0088071 0.0107954 0.0000010 0.0116300 0.0110535 0.0104942 0.0000025 0.0121573 0.0107156 0.0124905 0.0116513 0.0117705 0.0114015 0.0114557 0.0028369 0.0010403 0.0000010 0.0023421 0.0007365 0.0104708 0.0022462 0.0007670 0.0115551 0.0125846 0.0106760 0.0106112 0.0108099 0.0101718 0.0110485 0.0106189 0.0100123 0.0106450 0.0108158 0.0111560 0.0108158 0.0107537 0.0130801 0.0009116 0.0104965 0.0112533 0.0137720 0.0022899 0.0105115 0.0104646 0.0104708 0.0114283 0.0128832 0.0104708 0.0119002 0.0014572 0.0000010 0.0104033 0.0104033 0.0104157 0.0023722 0.0000010 0.0000021 0.0007678 0.0175003 0.0148579 0.0111838 0.0208022 0.0110564 0.0110196 0.0104603 0.0143530 0.0163226 0.0116761 0.0031768 0.0133803 0.0105423 0.0115017 0.0112424 0.0114033 0.0110178 
KU174450_Eimeria_apionodes                      0.0083575 0.0000010 0.0244050 0.0324612 0.0363294 0.0007351 0.0166974 0.0000020 0.0000010 0.0036558 0.0042754 0.0054187 0.0036252 0.0000010 0.0037043 0.0040364 0.0000010 0.0000000 0.0035159 0.0021605 0.0000026 0.0000010 0.0058720 0.0062272 0.0013378 0.0000010 0.0021624 0.0028712 0.0021546 0.0021484 0.0009116 0.0100355 0.0140497 0.0043256 0.0206866 0.0172815 0.0241094 0.0187176 0.0164447 0.0164460 0.0007194 0.0058694 0.0043409 0.0141418 0.0141332 0.0080343 0.0065813 0.0133399 0.0127120 0.0195383 0.0000010 0.0000010 0.0030895 0.0000010 0.0010532 0.0012816 0.0000010 0.0000010 0.0000026 0.0000010 0.0000010 0.0000010 0.0000010 0.0000010 0.0000010 0.0000010 0.0000010 0.0000010 0.0110303 0.0028765 0.0164750 0.0188073 0.0260602 0.0195938 0.0179994 0.0286001 0.0408615 0.0188138 0.0235775 0.0227873 0.0179918 0.0187515 0.0027073 0.0023533 0.0021592 0.0029434 0.0000010 0.0021559 0.0163882 0.0022362 0.0007134 0.0101539 0.0028399 0.0076130 0.0096934 0.0106671 0.0106671 0.0068450 0.0106967 0.0009602 0.0106705 0.0107212 0.0000024 0.0091860 0.0107470 0.0035313 0.0000024 0.0000021 0.0018944 0.0096757 0.0103415 0.0056583 0.0084070 0.0030247 0.0107832 0.0132390 0.0028546 0.0116824 0.0101648 0.0109580 0.0022144 0.0077043 0.0100227 0.0000010 0.0106590 0.0102624 0.0097432 0.0000025 0.0113452 0.0099477 0.0114477 0.0106786 0.0107879 0.0106398 0.0105728 0.0028369 0.0010403 0.0000010 0.0023421 0.0007365 0.0096114 0.0022448 0.0007670 0.0107832 0.0113418 0.0099119 0.0098457 0.0100362 0.0093880 0.0102577 0.0098589 0.0092407 0.0096757 0.0100417 0.0102961 0.0100417 0.0099841 0.0122062 0.0009116 0.0094453 0.0096351 0.0123917 0.0022582 0.0096776 0.0095882 0.0096269 0.0103874 0.0144240 0.0095690 0.0109750 0.0014373 0.0000010 0.0095028 0.0095028 0.0095328 0.0023707 0.0000010 0.0000021 0.0007674 0.0155503 0.0136164 0.0103769 0.0192873 0.0102043 0.0102246 0.0092960 0.0135451 0.0148163 0.0107013 0.0031768 0.0122627 0.0095823 0.0106786 0.0104378 0.0105244 0.0100144 
KU174465_Eimeria_apionodes                      0.0126520 0.0000010 0.0331037 0.0577199 0.0475482 0.0035159 0.0248686 0.0035212 0.0035159 0.0067101 0.0063364 0.0087002 0.0047353 0.0047200 0.0047353 0.0056727 0.0035159 0.0035159 0.0000000 0.0000010 0.0023490 0.0035159 0.0059568 0.0106081 0.0029798 0.0035159 0.0047092 0.0023451 0.0047072 0.0047005 0.0052451 0.0108335 0.0195568 0.0047072 0.0262077 0.0225699 0.0429765 0.0262367 0.0248149 0.0273946 0.0035159 0.0071588 0.0023451 0.0234673 0.0234673 0.0095631 0.0071691 0.0183911 0.0199247 0.0261923 0.0035159 0.0035159 0.0119498 0.0035159 0.0082799 0.0056254 0.0035159 0.0035159 0.0035386 0.0035159 0.0041888 0.0035159 0.0027423 0.0035159 0.0035191 0.0035159 0.0035159 0.0000010 0.0121079 0.0000010 0.0263548 0.0276634 0.0347027 0.0263647 0.0236883 0.0433174 0.0573566 0.0276795 0.0276121 0.0305088 0.0223834 0.0249393 0.0026001 0.0023451 0.0000010 0.0023451 0.0045102 0.0000010 0.0184861 0.0000010 0.0046962 0.0108335 0.0000010 0.0116929 0.0107478 0.0093741 0.0093741 0.0108108 0.0121576 0.0053725 0.0093881 0.0121834 0.0039385 0.0096209 0.0094609 0.0000010 0.0039327 0.0035212 0.0065910 0.0107318 0.0108335 0.0063936 0.0120719 0.0000010 0.0108335 0.0133707 0.0000010 0.0093881 0.0102120 0.0108441 0.0000010 0.0118436 0.0108335 0.0035159 0.0093741 0.0108335 0.0108335 0.0042294 0.0108335 0.0108335 0.0102451 0.0093881 0.0094430 0.0108335 0.0090243 0.0000010 0.0045107 0.0070088 0.0000010 0.0046962 0.0108335 0.0071123 0.0046962 0.0108335 0.0134674 0.0108335 0.0108335 0.0108335 0.0120561 0.0120561 0.0108335 0.0120561 0.0107318 0.0108335 0.0120561 0.0108335 0.0108335 0.0103527 0.0052451 0.0118318 0.0108834 0.0138569 0.0000025 0.0108335 0.0108335 0.0108335 0.0117250 0.0108624 0.0108335 0.0108335 0.0059187 0.0035216 0.0108335 0.0108335 0.0108335 0.0046962 0.0035159 0.0035212 0.0046962 0.0175379 0.0193101 0.0120561 0.0167343 0.0122045 0.0108335 0.0116179 0.0108335 0.0151174 0.0094430 0.0011714 0.0153579 0.0110658 0.0108335 0.0108335 0.0120561 0.0110877 
